9.20662	-0.0433153
9.56691	-0.13627
9.54419	-0.351905
9.55495	-0.380794
9.62873	-0.0909056
9.59584	-0.192033
9.58762	-0.302747
9.55665	-0.0860981
9.38422	0.561903
9.42912	0.472361
9.5071	0.391115
9.48353	0.643834
9.16066	0.735379
9.11891	0.726707
9.14115	0.680515
9.23133	0.579113
9.29758	0.414915
9.34228	0.215478
9.47256	0.22481
9.37135	-0.30108
9.36577	-0.0862745
9.4339	-0.00799551
9.43758	0.204413
9.49486	0.0605193
9.53419	0.0194123
9.52946	0.053451
9.54628	0.0870025
9.55118	0.262367
9.4992	0.184328
9.27743	0.261492
9.06076	0.361659
9.18916	0.1779
9.36392	0.351059
9.27988	0.376972
9.4873	0.106174
9.37778	0.17237
9.42476	0.135531
9.50614	0.0586229
9.47224	0.198043
9.50158	0.452223
9.63053	0.350822
9.35717	0.504805
9.23822	0.567658
9.39917	0.17083
9.43683	0.360882
9.38714	0.516198
9.24835	0.519301
9.14036	0.752261
9.44527	0.273921
9.63522	0.312241
9.6192	0.163166
9.64279	-0.171656
9.61483	0.133315
9.37003	0.304081
9.46039	0.0468136
9.42601	0.137895
9.25323	0.629196
9.37096	0.477434
9.59045	0.315905
9.60828	-0.032051
9.63588	0.176634
9.56374	0.345749
9.51857	0.15851
9.54584	-0.277577
9.4473	-0.481831
9.50967	-0.30082
9.51318	-0.401908
9.59172	-0.199487
9.60017	0.0174875
9.61966	0.0803672
9.45798	0.149082
9.49627	0.228583
9.56053	0.0708884
9.43011	-0.0301195
9.42269	-0.0233417
9.62455	-0.0290863
9.58838	-0.0790288
9.56182	-0.0395646
9.52567	0.104928
9.5225	0.156107
9.48531	0.458873
9.49863	0.497536
9.61274	0.312401
9.54826	0.418238
9.61636	0.121785
9.56169	0.129131
9.48843	0.113638
9.4954	0.470675
9.51629	0.581073
9.59901	0.349666
9.44771	0.325976
9.47956	0.227249
9.47567	0.14368
9.51627	0.0637231
9.39373	0.0128361
9.59956	0.22591
9.60871	0.21851
9.62339	-0.0683646
9.55328	-0.235512
9.54261	-0.325581
9.64701	-0.131102
9.54324	-0.240919
9.50926	-0.3583
9.23518	0.0284082
9.55888	-0.229886
9.54807	-0.363274
9.63273	-0.163739
9.50047	-0.341894
9.4765	-0.377088
9.62087	-0.140483
9.61962	0.141755
9.59496	0.093939
9.54939	0.139849
9.49054	0.0733123
9.53185	-0.0210341
9.42826	0.160909
9.36634	0.0725635
9.29626	0.167383
9.38152	0.4784
9.49154	0.421631
9.47704	0.280876
9.56103	0.259334
9.46846	-0.00899591
9.46445	0.105384
9.3763	0.12186
9.39649	0.283152
9.4283	0.306786
9.47787	0.122009
9.5864	0.104265
9.63389	0.130255
9.56887	0.200737
9.41497	0.0156205
9.43774	-0.0861118
9.42927	-0.0663157
9.4686	-0.00862193
9.39842	-0.105593
9.42471	-0.169557
9.36769	-0.0384002
9.48918	0.138928
9.49514	0.203822
9.46871	0.108487
9.42765	0.121509
9.43317	0.137953
9.47602	0.216682
9.48877	0.0535684
9.46058	0.125173
9.22703	0.213168
9.38487	0.258977
9.28244	0.454007
9.49546	0.372292
9.58184	0.11256
9.65392	-0.115314
9.5715	0.0499245
9.67121	0.169801
9.55515	0.236153
9.45784	0.473718
9.50751	0.348755
9.64077	0.306459
9.59499	0.156573
9.53902	0.341359
9.32419	0.223521
9.51747	0.348988
9.4742	0.370399
9.56322	0.0501291
9.60701	-0.183175
9.52057	0.16478
9.35007	0.186654
9.45886	0.276695
9.64269	0.257176
9.62967	0.252227
9.58402	0.173484
9.55799	-0.0946101
9.5346	0.127746
9.34121	0.245357
9.40369	0.374985
9.41575	0.358444
9.5219	0.429339
9.64721	-0.0356074
9.5508	-0.344223
9.58545	-0.187106
9.65856	-0.0078942
9.66817	0.0722367
9.59153	0.160007
9.47945	0.159355
9.40368	0.245106
9.31653	0.42389
9.24616	0.610823
9.38881	0.294719
9.22788	0.442606
9.2464	0.445796
9.22086	0.672184
9.38676	0.481592
9.50814	0.46887
9.59734	-0.016274
9.55303	-0.249838
9.5814	0.305909
9.42724	0.340261
9.43116	0.173961
9.47464	0.274155
9.39661	0.50619
9.64948	0.184724
9.64388	0.0396207
9.64275	-0.0930723
9.56734	0.0179473
9.50329	0.25534
9.51245	0.0761734
9.42805	0.0691718
9.46462	0.0614604
9.52887	0.283664
9.42819	0.304129
9.49833	0.43484
9.49543	0.51418
9.35748	0.614612
9.30495	0.486418
9.17686	0.333947
8.99614	0.411733
9.23654	-0.029481
9.56635	-0.358943
9.60164	-0.309119
9.58304	-0.372507
9.60852	-0.0823285
9.53021	-0.317626
9.53599	0.0837528
9.34776	0.236108
9.39639	0.315488
9.64407	0.108259
9.68149	-0.0189576
9.60119	-0.025883
9.62829	-0.212518
9.5598	-0.225733
9.60955	-0.223457
9.66642	-0.131107
9.55364	0.335786
9.40676	-0.0240515
9.53718	0.339346
9.55526	0.363699
9.60231	-0.0105813
9.59471	0.0947506
9.55101	0.0794617
9.29133	0.564868
9.42924	0.273308
9.52452	0.106604
9.45112	0.127677
9.57306	0.286222
9.52002	0.345269
9.50845	0.228916
9.43302	0.185764
9.41087	0.474805
9.53617	0.428053
9.6082	0.110027
9.64739	0.244698
9.45813	0.501957
9.24244	0.327731
9.30551	0.257989
9.43617	0.550884
9.56632	0.429191
9.58049	-0.146164
9.53745	-0.26073
9.53692	-0.411059
9.46369	-0.481677
9.39619	-0.12017
9.47442	0.311122
9.49047	0.195024
9.42218	0.382733
9.30374	0.575225
9.35275	0.649666
9.3717	0.64302
9.22719	0.53151
9.132	0.288924
9.37002	0.350752
9.58549	0.201359
9.62294	0.224169
9.38763	0.171164
9.55588	0.202963
9.53453	0.17916
9.57566	0.136574
9.43731	0.17323
9.52176	0.331654
9.42713	0.204211
9.41059	0.297441
9.37522	0.457944
9.32318	0.361602
9.45247	0.199189
9.56961	0.227504
9.64692	0.0191703
9.608	0.259464
9.59518	0.375506
9.49983	0.28365
9.66394	0.0290843
9.60475	-0.078037
9.55076	-0.013646
9.30826	0.0107602
9.52473	0.140781
9.56737	0.327786
9.37574	0.165334
9.50602	0.347749
9.47188	0.554636
9.24348	0.508281
9.29349	0.126757
9.54192	-0.131545
9.58415	-0.268939
9.56547	-0.199041
9.54868	-0.490678
9.53297	-0.411554
9.01022	-0.337583
9.46231	-0.376347
9.55912	-0.321732
9.56916	-0.251616
9.67268	-0.0816964
9.40141	0.532904
9.12235	0.397688
9.02365	0.525226
9.33784	0.164244
9.23711	0.409581
9.24872	0.329653
9.451	0.353472
9.52208	0.169124
9.63614	-0.0452362
9.6297	-0.169005
9.64889	-0.0483706
9.67803	-0.0367945
9.65278	-0.106828
9.39485	0.265788
9.30152	-0.0353196
9.28136	0.131764
9.45374	0.0698673
9.29426	0.352862
9.3344	0.252593
9.3725	0.289429
9.34975	0.364717
9.10382	0.566001
9.16246	0.582814
9.3026	0.670806
9.5846	0.0295578
9.51743	0.0231523
9.56945	0.323502
9.69362	0.247979
9.47019	0.156731
9.55492	0.112822
9.50433	0.0310057
9.41365	0.163505
9.68813	0.0317663
9.64542	-0.226488
9.53158	-0.501203
9.54047	-0.375717
9.56729	0.0812997
9.45079	0.10164
9.547	0.188868
9.3098	0.402833
9.5947	0.0171723
9.60644	-0.162276
9.62965	-0.0593361
9.46914	-0.0509198
9.54851	-0.00775045
9.59178	0.390467
9.39971	0.484701
9.21269	0.396647
9.2521	0.402102
9.41994	0.375037
9.31212	0.389765
9.38913	0.277894
9.45789	0.336376
9.2012	0.33372
9.13684	0.545562
9.05289	0.595238
8.99018	0.575072
9.31236	0.489763
9.59934	0.183171
9.62733	0.00652068
9.62018	0.0944855
9.52425	0.186714
9.4385	0.118276
9.39492	0.0235551
9.43524	0.21988
9.53829	0.30009
9.60509	0.0154953
9.62003	-0.0142415
9.55965	-0.189165
9.62102	-0.114536
9.62276	0.00746266
9.38566	0.11265
9.48052	0.311831
9.37958	0.286562
9.53047	0.231505
9.60692	-0.0818608
9.66988	0.0861817
9.66604	-0.0975425
9.61009	-0.339171
9.67266	0.000667662
9.63197	0.296105
9.60577	0.186106
9.60564	-0.000142923
9.63357	0.181066
9.36512	0.625731
9.32211	0.452155
9.38153	0.448106
9.21775	0.767645
9.37581	0.430317
9.57066	0.213929
9.58072	0.0370248
9.55649	0.0940678
9.55749	0.0436404
9.43463	0.0446436
9.44913	-0.121257
9.43034	0.154083
9.64534	0.191992
9.59548	-0.135551
9.61172	0.0350522
9.60229	-0.0739546
9.66275	0.0381965
9.65084	0.032592
9.57239	-0.194692
9.56502	-0.257312
9.58447	0.103419
9.61588	0.114018
9.6683	0.034184
9.57005	0.318697
9.62458	-0.0238478
9.55347	-0.157929
9.59509	-0.223757
9.61967	-0.280768
9.56571	-0.177766
9.55921	-0.300367
9.55123	-0.307925
9.22458	-0.234169
9.55654	-0.267785
9.62716	-0.190236
9.58815	-0.0971171
9.6373	-0.237393
9.60864	0.0243099
9.35303	0.463666
9.16775	0.617869
9.47194	0.49921
9.29598	0.44856
9.24289	0.397121
9.31849	0.329205
9.46781	0.320047
9.62035	0.0862627
9.64997	-0.161331
9.68603	0.0337782
9.68798	-0.0511156
9.63827	0.224661
9.54964	0.330724
9.47874	0.126847
9.42491	-0.0648022
9.43955	0.129839
9.40308	0.362136
9.27586	0.493539
9.08571	0.609775
9.05734	0.585482
9.28751	0.422512
9.59125	0.306107
9.52008	0.469909
9.34638	0.329206
9.25944	0.3636
9.24579	0.269768
9.41525	0.47783
9.62533	0.215439
9.59388	-0.0735928
9.57573	0.25503
9.60958	0.121051
9.63987	-0.147636
9.53046	-0.261418
9.61229	-0.267484
9.5315	0.216665
9.41065	0.131938
9.30064	-0.222797
9.42681	0.084315
9.11971	0.205644
9.18185	0.332896
9.40275	0.394962
9.49171	0.3708
9.54098	0.383716
9.47242	0.271372
9.48771	0.324368
9.48893	0.315848
9.44551	0.419949
9.38516	0.509478
9.55863	0.36334
9.37083	0.207792
9.49669	0.277186
9.40856	0.478566
9.24903	0.490718
9.43776	0.465807
9.40761	0.531675
9.58055	0.206625
9.44693	-0.124063
9.56099	0.0142503
9.42927	0.23229
9.18946	0.596867
9.20435	0.59836
9.41429	0.346463
9.56382	0.0920013
9.49434	-0.111602
9.58555	-0.0987333
9.55213	-0.0857467
9.56084	-0.125096
9.5789	0.0408388
9.59404	0.0274049
9.49808	0.167899
9.60695	-0.118234
9.59249	-0.179547
9.6259	-0.298954
9.59769	-0.349342
9.53767	-0.380895
9.5116	-0.326351
9.56038	-0.339084
9.26472	-0.19624
9.53556	-0.255722
9.57716	-0.199324
9.59863	-0.318132
9.56534	-0.382234
9.53672	-0.274336
9.53421	-0.274051
9.60312	-0.184607
9.62609	0.043484
9.39123	0.511879
9.33119	0.638666
9.33782	0.25948
9.31776	0.207366
9.29463	0.303097
9.20958	0.189503
9.19455	0.253246
9.15589	0.418881
9.0785	0.389783
9.45845	0.292298
9.39864	0.182454
9.52099	0.160866
9.50287	0.108307
9.54242	-0.091429
9.56098	-0.0507407
9.33045	0.12521
9.48362	0.289088
9.57335	0.343147
9.60177	0.367021
9.56777	0.153307
9.5191	-0.0585436
9.55698	-0.140419
9.62475	0.0969298
9.36397	0.381537
9.41726	0.324872
9.4429	0.342924
9.46827	0.251308
9.51441	0.036397
9.65192	0.277527
9.51636	0.299658
9.52911	0.404257
9.51444	0.400335
9.63434	0.105395
9.61458	-0.0200679
9.62492	-0.140577
9.61729	-0.160243
9.52087	-0.0691748
9.58326	0.183432
9.44068	0.259355
9.37408	0.248616
9.5107	0.0578815
9.48713	0.0478295
9.54987	0.0884825
9.54103	0.0956345
9.41803	0.307783
9.52683	0.128705
9.44413	0.176469
9.62854	0.0914619
9.61322	-0.248326
9.60859	-0.188384
9.6341	-0.235293
9.59951	-0.213225
9.61826	-0.318841
9.54656	0.198892
9.46755	0.150421
9.46627	0.293401
9.38734	0.21419
9.5622	0.221855
9.45587	0.398305
9.57813	0.144381
9.62286	-0.0938349
9.59103	-0.271067
9.52135	-0.361859
9.55985	-0.422572
9.59946	-0.304028
9.46157	0.03352
9.4789	0.171697
9.56572	0.00697144
9.52671	0.16201
9.55351	0.0546234
9.47621	0.0648563
9.54969	0.33828
9.63075	0.0673252
9.46904	0.0316035
9.4679	0.345044
9.36202	0.465467
9.30987	0.659247
9.41708	0.618703
9.50208	0.251748
9.55654	-0.0441465
9.47421	-0.491248
9.53896	-0.358963
9.55862	-0.142655
9.647	-0.143325
9.62284	-0.267328
9.66856	-0.0841437
9.60348	-0.0163885
9.57839	-0.109156
9.57722	-0.157018
9.57804	-0.263086
9.58545	-0.348398
9.5616	-0.408867
9.50682	-0.398438
9.52975	-0.280609
9.21481	-0.0816606
9.51164	-0.242058
9.58208	-0.329704
9.59631	-0.300611
9.56119	-0.0417262
9.32839	0.15521
9.4509	-0.222629
9.60205	-0.123666
9.48111	-0.0323216
9.57753	-0.062115
9.63985	0.0630192
9.63055	-0.095057
9.60289	-0.252469
9.65854	-0.119311
9.45004	0.202348
9.39142	0.312631
9.47209	0.360414
9.381	0.481015
9.51503	0.357444
9.56649	-0.0616621
9.66185	-0.0879824
9.43249	0.297735
9.43453	0.272684
9.39851	0.512689
9.33008	0.513302
9.50657	0.479612
9.57061	0.332466
9.62608	0.117478
9.49247	0.155333
9.23341	0.505665
9.02021	0.365528
8.91777	0.354624
8.99973	0.618916
9.06937	0.667517
9.02756	0.678988
9.01349	0.704359
9.00978	0.692234
9.43815	0.352602
9.64505	0.0253859
9.59848	0.138253
9.56013	0.177788
9.56703	-0.27952
9.56961	-0.056348
9.45152	0.264078
9.5691	0.328201
9.58421	0.333023
9.46632	0.289586
9.39214	0.188794
9.32969	0.036043
9.41287	0.124123
9.45373	0.272388
9.43822	0.0427104
9.52601	0.131707
9.40169	0.14424
9.34595	0.0507712
9.28077	0.172266
9.34944	0.15899
9.3924	0.135677
9.43491	0.268627
9.55866	0.11344
9.50175	0.143741
9.31399	0.34196
9.39237	0.262142
9.45882	0.412696
9.55768	0.419577
9.49682	0.00843704
9.54055	0.032434
9.32301	0.360402
9.38102	0.274204
9.46148	0.245966
9.63091	0.200343
9.27769	0.30851
9.37684	0.25116
9.21901	-0.00438464
9.17262	0.202843
9.27162	0.205587
9.41671	0.277231
9.49955	0.461003
9.47271	0.252935
9.50739	0.248887
9.40804	0.254206
9.55766	0.302909
9.47394	0.328723
9.54823	0.380061
9.56468	0.260546
9.5589	0.219359
9.6438	-0.0992637
9.59556	-0.205117
9.58271	0.164372
9.39171	0.568446
9.33022	0.525728
9.39217	0.561441
9.34354	0.639215
9.14185	0.681993
9.39951	0.197205
9.58407	0.163135
9.54908	-0.15618
9.64629	0.0239019
9.54854	0.256003
9.25526	0.397192
9.2503	0.407327
9.01438	0.543208
9.05974	0.814295
9.08216	0.789195
9.46842	0.404829
9.59601	0.231547
9.68426	0.156599
9.66246	-0.133838
9.54218	-0.329842
9.61536	-0.133228
9.60533	-0.0464998
9.59434	0.356258
9.66651	0.315949
9.61706	0.307589
9.35611	0.0967583
9.32414	0.256448
9.54031	0.329654
9.56404	0.20083
9.69637	0.0927585
9.59286	0.218789
9.5412	0.00489122
9.5274	-0.163608
9.62627	-0.0992209
9.52821	-0.0595954
9.53286	-0.0292576
9.47982	-0.0927885
9.55337	0.0643302
9.57983	0.245283
9.51103	0.0724521
9.2661	0.397146
9.18693	0.505621
9.05637	0.797432
9.03731	0.798578
9.33427	0.484333
9.49462	0.371186
9.60944	0.194398
9.58625	0.335048
9.61752	0.224459
9.64383	0.041161
9.63438	0.0874935
9.6314	0.0445218
9.60387	-0.0295106
9.56157	-0.0969017
9.54974	-0.253334
9.59623	-0.244442
9.59863	-0.377301
9.53419	-0.343083
9.531	-0.358048
9.33372	-0.0523908
9.64132	-0.207068
9.48949	-0.386493
9.65229	-0.155865
9.58485	-0.148723
9.6158	-0.115324
9.43105	0.30805
9.33226	0.453712
9.30985	0.251362
9.29403	0.468159
9.3643	0.454786
9.48147	0.0458785
9.49281	-0.158384
9.44717	-0.176159
9.50008	0.227051
9.40498	0.334618
9.3731	0.279109
9.39793	0.392915
9.34361	0.0178549
9.44194	0.0424312
9.37518	0.282963
9.28735	0.334027
9.39063	0.342922
9.49836	0.44713
9.65923	0.0431469
9.68096	-0.00378365
9.60224	0.314381
9.48698	0.241576
9.43996	0.551535
9.35407	0.452134
9.43637	0.37502
9.60227	0.288491
9.66586	0.0413592
9.65368	0.151021
9.4864	0.173486
9.37155	0.0959782
9.53293	0.0220225
9.51697	0.174252
9.52465	0.229923
9.36995	0.544956
9.14291	0.570287
9.25967	0.534935
9.37648	0.66781
9.34811	0.592993
9.30255	0.417088
9.24173	0.563714
9.40773	0.493314
9.46783	0.493446
9.39064	0.664347
9.32004	0.389064
9.40432	0.501657
9.29557	0.467034
9.35278	0.498997
9.31044	0.443069
9.56127	0.391479
9.42497	0.282783
9.46449	0.293277
9.37516	0.39263
9.49646	0.491316
9.50497	0.339347
9.36957	0.117218
9.39684	0.249588
9.38098	0.320609
9.40619	0.304083
9.36769	0.242659
9.5689	0.147459
9.53258	0.219746
9.51884	0.257694
9.46277	0.323121
9.43367	0.123662
9.32235	-0.082426
9.31345	0.0154662
9.37061	0.195564
9.44153	0.395828
9.18946	0.559731
9.19924	0.448813
9.17688	0.630449
9.51081	0.382646
9.6564	-0.0652688
9.58641	-0.134636
9.66527	-0.0543532
9.57984	-0.0771696
9.56767	-0.161747
9.56734	0.106851
9.36854	0.566024
9.36226	0.247206
9.25356	0.157639
9.34691	0.425068
9.56525	0.426416
9.65283	0.00707624
9.63449	0.0404819
9.6417	0.0286082
9.55417	-0.163666
9.58048	-0.109421
9.61107	-0.0720101
9.56842	-0.168551
9.59883	-0.149799
9.46312	0.403718
9.42242	0.313423
9.47364	-0.0300516
9.4868	0.118499
9.54432	0.0851841
9.67337	0.0783425
9.63582	0.160135
9.58315	-0.0547868
9.56124	-0.163774
9.60582	-0.00689672
9.64876	-0.0737736
9.51167	0.0154267
9.36349	0.507831
9.30647	0.522968
9.4027	0.296215
9.52454	0.124455
9.65176	-0.0913803
9.56082	-0.303232
9.55856	-0.170795
9.48716	0.000484301
9.64098	-0.00318351
9.57326	0.293774
9.47184	0.519237
9.3219	0.618128
8.95108	0.674106
8.99968	0.705105
9.25918	0.650461
9.551	0.453295
9.595	-0.214733
9.57439	-0.104694
9.56078	-0.17776
9.50511	-0.14484
9.4053	0.265924
9.3749	0.466547
9.475	0.30092
9.44145	0.31386
9.42248	0.480791
9.34556	0.542602
9.38923	0.583867
9.28426	0.318636
9.39676	0.407257
9.47504	0.443342
9.56289	0.361799
9.47736	0.215446
9.62855	0.140206
9.64891	0.0346222
9.61033	-0.323458
9.59313	-0.392278
9.50251	-0.326536
9.573	-0.311507
9.50144	-0.273909
9.21832	-0.0549746
9.57206	-0.258665
9.54457	-0.32176
9.62846	-0.0677815
9.47598	0.0679083
9.58518	0.155514
9.4845	0.121123
9.29384	0.191782
9.44043	0.000799334
9.4842	0.0892483
9.49723	0.246021
9.49659	0.150699
9.41327	-0.000581746
9.4931	0.0113729
9.34333	-0.175963
9.43438	-0.0287852
9.53198	0.252432
9.095	0.435111
9.23666	0.546338
9.49331	0.236777
9.56855	0.213058
9.55658	0.347956
9.66513	0.0567141
9.52063	0.469233
9.43177	0.349716
9.4065	0.628657
9.28915	0.619514
9.44531	0.370606
9.41949	0.30348
9.42388	0.576766
9.52407	0.34653
9.416	0.305883
9.44005	0.441139
9.42646	0.21413
9.3518	0.0697109
9.40895	0.0896415
9.29845	-0.111834
9.28011	0.273962
9.47992	0.249818
9.41831	0.281521
9.42209	0.194491
9.45972	-0.00325051
9.27516	0.218875
9.55889	0.291408
9.4587	0.168249
9.50161	0.136322
9.47826	0.27032
9.50574	0.323524
9.33627	0.535739
9.43464	0.38488
9.60441	0.353208
9.59198	0.143207
9.6478	0.013863
9.64886	0.265213
9.59663	-0.0327048
9.64136	0.0273956
9.62472	0.00146639
9.46796	-0.026157
9.36718	-0.00262077
9.33625	0.182436
9.46392	0.148764
9.35776	0.335202
9.28301	0.645895
9.48723	0.313508
9.59354	0.117955
9.66785	0.0733248
9.44795	0.168141
9.40984	-0.0351031
9.46969	0.123286
9.33344	0.516872
9.22121	0.621876
9.2865	0.332238
9.41409	0.238643
9.23743	0.302683
9.33051	0.164595
9.48929	0.0558154
9.46102	-0.0787561
9.4641	0.117569
9.49151	0.0996853
9.56177	0.168126
9.60172	0.0290213
9.55712	0.0508547
9.65389	-0.001072
9.61298	-0.1059
9.62328	-0.125364
9.60285	-0.315767
9.45724	-0.356383
9.56576	-0.243314
9.25391	-0.248453
9.57246	-0.181838
9.58382	-0.204017
9.60105	-0.353817
9.56743	-0.325324
9.58802	-0.336399
9.509	-0.0716941
9.27219	0.64925
9.38046	0.546072
9.35756	0.53048
9.45811	0.394389
9.24664	0.270464
9.4783	0.213003
9.40953	0.327173
9.5273	0.27878
9.5304	0.299324
9.30332	0.447562
9.21014	0.424682
9.39241	0.540107
9.58362	0.0469076
9.5959	-0.198513
9.60892	-0.23075
9.69182	-0.0878911
9.60087	0.254749
9.57229	0.363529
9.30374	0.455165
9.53486	0.127948
9.62977	-0.167624
9.6246	-0.0387791
9.61327	0.1287
9.57248	0.202054
9.59373	0.0453434
9.58391	-0.181382
9.52774	-0.178701
9.52819	0.425584
9.38402	0.194707
9.05651	0.0540788
9.12837	0.107336
9.35213	0.116764
9.3481	0.219527
9.28022	0.221785
9.30351	0.26414
9.33861	0.149774
9.29988	0.123822
9.23967	0.0867589
9.26476	0.0659679
9.43482	0.306026
9.33642	0.389248
9.33486	0.528248
9.34198	0.633608
9.58842	0.277522
9.45336	0.299174
9.57923	0.197486
9.64273	0.057643
9.52074	-0.135244
9.64834	-0.219899
9.59453	0.275292
9.37591	0.504091
9.45896	0.299978
9.37011	0.526674
8.94144	0.643266
9.06777	0.583584
9.2705	0.423817
9.31616	0.351072
9.23395	0.256118
9.23972	0.477361
9.43315	0.180408
9.45762	-0.0587627
9.36046	-0.101649
9.29961	0.091967
9.36213	0.159458
9.41822	0.309264
9.54936	0.301017
9.59912	0.208869
9.67039	0.0899357
9.61856	-0.0111178
9.51925	-0.157638
9.55782	0.107822
9.40187	0.596691
9.39754	0.282347
9.5373	0.250232
9.4902	0.275397
9.46541	0.299949
9.61778	0.00911355
9.61326	-0.0816527
9.61679	0.252816
9.39357	0.277694
9.43471	0.286112
9.22419	0.298226
9.04676	0.347025
9.13333	0.4217
8.88355	0.392491
9.01053	0.307833
9.18269	0.272671
9.42212	0.173435
9.06485	0.365538
8.97729	0.588516
9.21589	0.534643
9.3678	0.257364
9.44195	0.290655
9.31255	0.124878
9.3651	0.220052
9.45098	0.226858
9.39853	0.0926661
9.294	-0.0183033
9.42333	0.24658
9.48338	0.324815
9.2509	0.455728
9.04891	0.681818
9.0557	0.538939
9.53335	0.0635276
9.54582	-0.225408
9.59101	-0.195605
9.65443	-0.218783
9.63773	-0.0190533
9.39759	0.489166
9.20157	0.634457
9.30803	0.582199
9.45774	0.347587
9.703	0.067386
9.6566	0.038762
9.56207	-0.0139496
9.55764	-0.423081
9.53812	-0.0664309
9.46604	0.351393
9.44296	0.255336
9.49511	0.174107
9.55539	0.26932
9.43014	0.325949
9.6283	0.226822
9.596	0.17997
9.5664	0.481973
9.58897	0.312365
9.47522	0.331801
9.63522	0.094291
9.52391	0.218281
9.4509	0.338762
9.37717	0.288833
9.42538	0.244802
9.43082	0.434527
9.48564	0.552475
9.617	0.195794
9.59631	0.0154647
9.60814	-0.131531
9.44062	0.240035
9.24846	0.463975
9.26255	0.340166
9.27144	0.50908
9.09485	0.7237
9.30181	0.673311
9.0865	0.774217
9.17135	0.797089
9.42794	0.429343
9.50908	0.156091
9.48209	0.0186746
9.53913	-0.0188078
9.32319	-0.09029
9.31033	-0.0225513
9.47218	0.162092
9.49706	0.377415
9.44113	0.192711
9.49879	0.353457
9.47633	0.363005
9.49667	0.250514
9.64583	0.0778497
9.67322	-0.110746
9.65144	-0.0963494
9.6041	0.0717706
9.64692	0.11613
9.62982	0.172269
9.11833	-0.219266
9.508	-0.340489
9.58173	-0.247655
9.60378	-0.199218
9.57369	-0.136336
9.5722	0.0590402
9.54407	0.444252
9.35895	0.372092
9.37837	0.442548
9.16811	0.635906
9.16334	0.46548
9.30179	0.336561
9.60009	0.244732
9.38103	-0.0179189
9.39879	-0.170586
9.52696	-0.180591
9.55147	0.0654777
9.50047	0.303502
9.41044	0.309373
9.51108	0.209227
9.64705	-0.14187
9.59336	-0.0361324
9.56387	0.151708
9.61367	0.131313
9.35428	0.189604
9.43341	0.132286
9.22003	0.38874
9.46531	0.175765
9.5241	0.136793
9.52558	0.158695
9.24903	0.556359
8.99138	0.38343
9.11205	0.579853
9.07235	0.614162
9.23369	0.4192
9.61168	-0.00564923
9.61766	-0.0304972
9.5408	0.121622
9.60902	-0.0562009
9.6286	-0.245755
9.55494	-0.304843
9.53151	-0.423187
9.54262	0.0652377
9.37702	0.236308
9.32814	0.202516
9.60136	0.0856426
9.59198	0.0646588
9.55163	0.225245
9.51737	0.00428361
9.54098	-0.038885
9.48407	-0.0598438
9.49338	0.321908
9.4508	0.484603
9.58835	0.221205
9.59348	0.11658
9.61761	-0.130037
9.69077	0.0743297
9.51793	0.24
9.4881	0.241675
9.61214	0.289536
9.41589	0.609886
9.56099	0.370433
9.60283	-0.0485893
9.61785	-0.00848839
9.60441	0.0308438
9.54899	-0.0481914
9.49482	-0.108274
9.603	0.23499
9.43941	0.138306
9.45059	0.188738
9.49096	0.183124
9.4318	-0.0506385
9.28522	-0.0449069
9.29678	-0.0524642
9.57018	0.414353
9.57201	0.352895
9.57285	0.205482
9.56182	-0.149257
9.66598	0.0569041
9.53897	0.358268
9.50776	0.250819
9.35592	0.174632
9.14746	0.358551
9.08248	0.561716
9.0806	0.555026
9.07943	0.580246
9.15091	0.359031
9.55189	0.136954
9.39438	0.275069
9.41691	0.132285
9.4696	0.0807468
9.54652	0.400245
9.49308	0.424925
9.57338	0.208172
9.61007	-0.0998305
9.59727	-0.164768
9.49203	-0.365792
9.57667	0.0575391
9.4121	0.389016
9.20383	0.666498
9.02549	0.588013
9.03941	0.481576
9.16357	0.314145
9.34913	0.338927
9.34894	0.413413
9.36663	0.406025
9.50972	0.27798
9.2451	0.16049
9.28113	0.377596
9.31792	0.0695239
9.46426	0.329181
9.51423	0.299772
9.61592	0.228583
9.54604	0.334779
9.42475	0.33295
9.43905	0.433663
9.52611	0.286105
9.51946	0.232757
9.58966	0.314072
9.5629	0.29166
9.57924	0.0403345
9.55384	0.149268
9.50089	0.384784
9.48492	0.00244029
9.60192	0.305569
9.51141	0.311733
9.68088	0.109766
9.53457	0.261919
9.64213	0.10945
9.59114	-0.0492743
9.58275	0.0504598
9.54031	0.186782
9.43777	-0.0446666
9.43241	0.061729
9.40732	0.0777959
9.38039	0.377763
9.50047	0.356392
9.44885	0.398676
9.23184	0.65238
9.32104	0.531868
9.44207	0.202632
9.50076	-0.134008
9.57298	-0.100633
9.56921	-0.196184
9.53467	-0.335676
9.61669	-0.209018
9.5428	-0.284565
9.48163	-0.3065
9.22622	-0.0489496
9.59052	-0.192223
9.58025	-0.196403
9.62045	-0.235703
9.5243	-0.37772
9.50787	-0.0116474
9.30184	0.549752
9.3686	0.751166
9.31705	0.48536
9.1976	0.535874
9.18982	0.457361
9.24874	0.38953
9.18486	0.322704
9.21642	0.172686
9.33949	0.350652
9.474	0.404399
9.56612	0.455755
9.6452	0.0894923
9.56696	0.232168
9.60435	0.146714
9.48281	-0.23909
9.60016	-0.135514
9.5119	0.264729
9.53361	0.186788
9.4793	-0.229535
9.46456	0.034212
9.55503	0.142907
9.27169	0.361531
9.11757	0.473043
9.06314	0.344707
8.91196	0.335811
9.25061	0.412764
9.52277	0.171816
9.5635	0.194515
9.3897	0.178723
9.42883	0.0888434
9.36699	0.0492325
9.42494	-0.145223
9.4272	-0.0858119
9.41935	0.233793
9.5512	0.341047
9.61383	0.135554
9.60062	0.162376
9.61823	0.125907
9.48711	0.248837
9.36898	0.407035
9.42147	0.385953
9.25824	0.249375
9.32127	0.347246
9.35571	0.547618
9.42711	0.360076
9.372	0.34159
9.42748	0.252053
9.53197	0.192494
9.34893	-0.0239274
9.40878	0.0288614
9.49349	0.303781
9.63742	0.0220349
9.54811	0.157904
9.53712	0.192649
9.58716	0.0431294
9.51522	-0.287147
9.48219	-0.108713
9.42725	0.113437
9.52986	0.164016
9.56638	0.233452
9.44572	0.0579504
9.56183	0.0772527
9.56648	0.220282
9.58867	0.142011
9.61382	0.129824
9.59451	-0.0701728
9.66467	-0.000775775
9.51405	0.189126
9.52853	0.265366
9.46879	0.286819
9.40951	0.357388
9.46107	0.424224
9.54245	0.25871
9.5934	0.0356005
9.63986	-0.137221
9.58959	-0.0900488
9.58774	0.0630348
9.44196	0.277289
9.25913	0.253892
9.4369	0.0949501
9.48411	0.080251
9.4017	0.0362827
9.45945	0.0544192
9.47741	0.186779
9.52297	0.0110957
9.53963	-0.0971504
9.61148	-0.169372
9.64176	-0.168011
9.59495	-0.332034
9.5112	-0.159598
9.45375	-0.237382
9.55108	-0.209551
9.29767	-0.0375136
9.60019	-0.210446
9.60339	-0.314652
9.60538	-0.312011
9.58265	-0.243705
9.56196	-0.206746
9.56957	0.0985407
9.4551	0.0419825
9.35568	0.487043
9.41767	0.392828
9.51714	0.402528
9.67437	0.132059
9.64193	0.10675
9.70456	0.0796632
9.67455	-0.243424
9.49504	0.147401
9.52202	0.251787
9.44252	0.272737
9.53335	0.156323
9.34238	0.272222
9.08899	0.497573
8.96161	0.620832
8.99402	0.489731
9.02396	0.564585
9.2742	0.339413
9.58834	0.0107784
9.47592	0.106047
9.38199	0.132668
9.06006	0.157177
9.28555	-0.164905
9.50117	0.343945
9.4641	0.482444
9.55809	0.457533
9.62096	0.177737
9.61238	0.335569
9.43607	0.546514
9.41183	0.33206
9.27109	0.331847
9.22282	0.561691
9.18114	0.229125
9.28679	0.303038
9.3193	0.469317
9.41273	0.386521
9.60678	0.0489
9.63209	-0.105624
9.56922	0.225128
9.45412	0.199284
9.38857	0.229295
9.3735	0.292608
9.33658	0.296783
9.33445	0.403834
9.41866	0.416162
9.49566	0.329445
9.59753	0.160047
9.51597	0.325346
9.48757	0.174194
9.32501	0.219675
9.4911	0.195594
9.48517	0.250058
9.49977	0.167485
9.50799	0.242467
9.34173	0.206918
9.39094	0.179581
9.60314	0.0229893
9.45342	-0.0208443
9.51678	0.282661
9.19382	0.502111
9.01677	0.593896
9.01294	0.852369
9.11935	0.808255
9.55507	0.310224
9.66647	-0.0771746
9.58966	-0.196132
9.63982	-0.0203169
9.53767	0.329053
9.42723	0.181522
9.51502	0.147068
9.57369	0.207675
9.66795	0.138411
9.5529	-0.00160973
9.64306	0.0486129
9.67387	0.0769435
9.59046	0.413925
9.67582	0.0836035
9.61803	-0.165773
9.66613	-0.108457
9.59176	-0.2316
9.5178	-0.249252
9.61716	0.183686
9.38566	0.626246
9.22636	0.582941
9.56951	0.324703
9.60851	0.342056
9.32189	0.302665
9.40131	0.257706
9.62457	0.133209
9.55367	-0.199864
9.5038	0.0751
9.49933	0.257019
9.43483	0.0236282
9.26464	0.170732
9.28074	0.706135
9.30782	0.736303
9.37523	0.677099
9.34114	0.702685
9.32668	0.487818
9.45085	0.380962
9.34376	0.184764
9.3961	0.182277
9.31986	0.412493
9.54	0.266819
9.53756	0.153584
9.53325	0.119904
9.46453	0.0342129
9.51947	0.158463
9.51175	0.227883
9.58494	0.181644
9.69154	0.0319121
9.67811	0.148315
9.49385	0.357358
9.54384	0.468287
9.52803	0.413765
9.48211	0.434762
9.62302	0.370241
9.62026	0.416072
9.69309	-0.0257405
9.65141	-0.0968012
9.5298	-0.194069
9.61212	-0.144802
9.60658	-0.177955
9.19929	-0.304974
9.63559	-0.221528
9.58704	-0.276321
9.45328	-0.42179
9.46288	-0.45047
9.45673	-0.528951
9.50715	-0.414119
9.54303	-0.337078
9.52753	-0.341374
9.57016	-0.20637
9.5599	-0.102164
9.62364	0.00514092
9.118	0.264874
9.43057	-0.0196473
9.55379	0.2931
9.37689	0.408339
9.34563	0.442118
9.18584	0.443057
9.39907	0.433457
9.5626	0.250986
9.5886	-0.0228143
9.58239	-0.187699
9.68281	0.00930884
9.59147	0.369715
9.52119	0.35479
9.29976	-0.0795318
9.47249	0.116186
9.47218	0.0686233
9.44945	0.168957
9.50837	0.332304
9.38615	0.273154
9.13026	0.499401
9.06271	0.549269
9.33585	0.324346
9.44835	0.28483
9.46469	0.0975954
9.52908	0.125941
9.32967	0.173093
9.46493	0.245383
9.4978	0.155302
9.59793	0.232706
9.6384	-0.218965
9.59264	-0.271507
9.5204	-0.304263
9.61182	-0.130308
9.53954	0.114982
9.42225	0.0106681
9.4827	0.112267
9.42938	0.23365
9.11206	0.506439
9.02198	0.664877
9.14979	0.242425
9.28785	0.177835
9.37241	0.246895
9.37169	0.365876
9.40868	0.0818284
9.42824	0.175192
9.26884	0.363778
9.17284	0.57889
9.0301	0.672181
9.35343	0.443208
9.49546	0.356432
9.59784	0.310482
9.55542	-0.00846091
9.44121	0.251934
9.3083	0.401748
9.44693	0.425214
9.53457	0.244898
9.54409	0.190045
9.6121	0.151944
9.60655	0.0737892
9.45845	0.0790955
9.43929	0.0178769
9.66849	-0.0734183
9.60863	0.124254
9.49393	0.494689
9.56242	-0.0363707
9.61349	-0.171955
9.52983	-0.176314
9.53722	0.299048
9.53161	0.0291332
9.49867	0.309078
9.39088	0.322162
9.37247	0.347599
9.34351	0.583165
9.26493	0.5248
9.48366	0.520847
9.69758	0.0139826
9.67796	-0.00915366
9.64468	-0.16848
9.60066	0.0899305
9.47521	0.0220652
9.48353	-0.0843202
9.55196	-0.134807
9.52777	-0.2232
9.62902	0.00813548
9.53791	0.10051
9.30845	0.400102
9.27668	0.474292
9.26733	0.557043
9.42604	0.336029
9.35888	0.522438
9.39004	0.569785
9.42883	0.376846
9.36423	0.494119
9.28771	0.414981
9.44233	0.299806
9.56013	0.355848
9.54107	0.21386
9.59686	0.0440027
9.60355	0.104408
9.64993	0.115754
9.63575	0.18366
9.65812	0.0667009
9.5977	0.0328214
9.62648	-0.0312989
9.60081	-0.041867
9.62583	-0.175947
9.54593	-0.0589624
9.57829	-0.090899
9.10844	-0.286043
9.62588	-0.16971
9.57659	-0.434916
9.51252	-0.451843
9.57019	-0.349503
9.63831	-0.0350253
9.58434	0.0736546
9.67409	-0.0412942
9.60537	0.169902
9.53798	0.174495
9.44642	0.238431
9.48499	0.124
9.47654	0.165072
9.66015	0.266584
9.65016	0.0888301
9.57105	0.043519
9.60654	-0.00447834
9.65893	-0.135443
9.51948	-0.083289
9.57636	0.11735
9.46228	-0.0884854
9.37681	-0.0308846
9.32563	-0.124809
9.44962	-0.299441
9.42655	-0.139496
9.21061	-0.172555
9.4448	-0.0216359
9.60076	0.188963
9.52406	0.252574
9.42863	0.53675
9.46309	0.418207
9.45607	0.496593
9.5049	0.267413
9.6382	0.228319
9.53192	0.413071
9.54559	0.261775
9.65015	0.00985064
9.60797	0.00920406
9.47917	0.0333987
9.59317	-0.367858
9.58819	-0.31196
9.54533	-0.198757
9.59376	-0.24362
9.55508	-0.121403
9.50979	0.405187
9.33953	0.418633
9.40616	0.406132
9.23385	0.617639
9.18072	0.767581
9.19184	0.438381
9.06996	0.544057
9.1764	0.484706
9.20357	0.54495
9.40223	0.197343
9.45565	0.0899556
9.43154	0.0936055
9.56338	0.121589
9.51512	0.0345019
9.48355	-0.0925241
9.59224	0.129098
9.45306	0.209097
9.38988	0.404664
9.40386	0.351646
9.65112	0.0302641
9.60645	-0.120348
9.63243	0.0612704
9.64494	-0.320798
9.58194	-0.186687
9.60295	0.0189514
9.52514	-0.344042
9.51362	-0.283897
9.61194	-0.098088
9.57128	-0.269917
9.63626	-0.235608
9.59583	-0.1503
9.45099	0.398796
9.31041	0.532867
9.37133	0.585068
9.47477	0.44434
9.42097	0.486697
9.53534	0.503432
9.31941	0.633215
9.38805	0.62881
9.42495	0.214546
9.44436	0.272866
9.15891	0.513821
9.22558	0.534278
9.40159	0.394873
9.46689	0.271614
9.37915	0.370932
9.52884	0.157785
9.47177	0.268084
9.57393	0.145154
9.56661	0.15375
9.43199	0.247921
9.4483	0.147877
9.38946	0.119814
9.38531	0.031533
9.40524	0.304639
9.46816	0.18193
9.62076	0.106774
9.54672	0.090701
9.55389	-0.0190871
9.53396	-0.0473984
9.56078	0.0989547
9.64635	0.090659
9.53612	-0.305499
9.5744	-0.371527
9.66449	-0.0911003
9.61919	-0.178266
9.58802	-0.0526737
9.56884	-0.08684
9.55734	-0.0586821
9.53072	-0.220883
9.51437	-0.297361
9.54917	-0.25199
9.61471	-0.189704
9.47401	-0.334842
9.04291	-0.145622
9.42676	-0.488142
9.45947	-0.462575
9.53956	-0.472677
9.40046	-0.428698
9.4111	0.155214
9.39659	0.00360986
9.41967	0.0247391
9.44046	0.119677
9.45018	0.0971257
9.44006	0.0178546
9.47376	0.0510494
9.28953	0.0553876
9.42755	0.0463017
9.46103	0.323844
9.41529	0.216684
9.37274	0.412729
9.52493	0.00307625
9.5465	-0.0479046
9.62295	0.30736
9.61809	0.0410547
9.52377	0.0651115
9.48855	0.222036
9.55156	0.291262
9.35866	0.299171
9.1947	0.426506
9.1986	0.635417
9.56991	0.35037
9.66456	0.010588
9.59828	-0.142453
9.65674	-0.138296
9.56956	-0.156239
9.67265	-0.00613078
9.46057	0.10367
9.57704	0.0681345
9.57486	0.0701691
9.50504	0.16589
9.63073	0.233941
9.61022	0.283474
9.61114	0.138442
9.65768	0.0160901
9.59867	0.22294
9.64195	0.0565389
9.57645	0.180703
9.48612	0.338816
9.51729	0.367823
9.49257	0.304449
9.55614	0.348145
9.59236	0.290027
9.6137	0.430422
9.47304	0.199914
9.46528	0.256735
9.31023	0.179157
9.31846	0.101726
9.47111	0.0451086
9.56294	0.140215
9.48483	0.0429387
9.44908	0.0739936
9.52177	0.421773
9.45574	0.376127
9.27972	0.493048
9.3076	0.597251
9.5908	0.387246
9.64276	0.175207
9.64104	0.0480662
9.4354	0.318613
9.32151	0.264006
9.40695	0.358093
9.55117	0.26686
9.66799	-0.0116739
9.51935	-0.181457
9.57545	-0.172757
9.41459	0.335529
9.35421	0.0189819
9.42139	0.142735
9.53235	0.271401
9.49737	0.359425
9.39712	0.409517
9.48168	0.258499
9.55773	0.294713
9.54185	0.0582017
9.44416	0.225134
9.41134	0.241152
9.51242	0.140304
9.46812	0.211085
9.42847	0.299165
9.36008	0.192929
9.31266	0.250959
9.46298	0.22211
9.44113	0.140225
9.5187	0.0148095
9.61103	0.0525365
9.55768	0.0101607
9.60712	0.000952635
9.55734	0.184871
9.50121	-0.0919125
9.64032	-0.0757263
9.61579	-0.11858
9.56971	-0.1449
9.5338	-0.18448
9.27303	-0.213125
9.52205	-0.421579
9.58197	-0.270827
9.55115	-0.341275
9.57455	-0.232415
9.5636	-0.365478
9.53318	-0.292255
9.61928	-0.150251
9.61124	-0.23813
9.57332	0.398915
9.27931	0.337777
9.41694	0.240436
9.46061	0.125772
9.21755	0.158555
9.37835	0.245854
9.54509	0.401881
9.63875	0.244711
9.54382	0.208022
9.55466	0.0812125
9.64992	0.0914031
9.42311	0.415921
9.41071	0.176829
9.34334	0.00705261
9.58876	0.274188
9.42568	0.164484
9.32083	0.353971
9.48468	0.475611
9.57803	0.277016
9.59233	0.239259
9.40236	0.583774
9.47292	0.407337
9.44519	0.358253
9.37754	0.383
9.39285	0.350487
9.46173	0.0606421
9.54177	0.0588101
9.42976	0.0125344
9.48067	0.1539
9.67376	0.284095
9.55706	0.370067
9.64374	0.273688
9.61502	-0.0493778
9.65423	-0.0773408
9.62056	0.0456405
9.37783	0.443101
9.25482	0.245321
9.24227	0.34436
9.53866	0.515833
9.55299	0.296217
9.5793	-0.0727721
9.58487	-0.165612
9.56408	-0.0496321
9.62894	-0.0231121
9.5936	0.170888
9.52321	0.114108
9.3711	0.236076
9.27108	0.0974352
9.49364	0.359379
9.45184	0.144302
9.6343	0.0898533
9.63412	-0.113181
9.60083	-0.0566424
9.55068	0.303322
9.46876	0.424856
9.34948	0.278352
9.57731	0.318977
9.54382	0.268852
9.53987	0.463482
9.46377	0.196607
9.58148	-0.000124914
9.63568	0.0536227
9.66146	0.0754096
9.61785	0.147751
9.39464	0.381798
9.42636	0.35392
9.5371	0.0223025
9.41303	0.0226852
9.42889	0.0302663
9.37208	0.0319851
9.38031	0.164639
9.43966	0.270064
9.34628	0.253796
9.287	0.323256
9.49171	0.267811
9.5539	0.188884
9.4792	0.292088
9.39112	0.443584
9.46194	0.397232
9.44643	0.46968
9.57425	0.0761797
9.61683	0.201584
9.53992	0.306693
9.50349	0.244832
9.62048	0.116468
9.52187	0.112473
9.62303	0.0336644
9.62943	0.236761
9.6154	-0.0238955
9.66861	-0.0648796
9.62434	-0.108302
9.56285	-0.271498
9.58521	-0.349898
9.49532	-0.490456
9.19153	0.0545072
9.5082	0.199364
9.42918	0.320083
9.15594	0.57732
9.16375	0.588071
9.50107	0.300061
9.57152	0.083332
9.57529	0.21343
9.53459	0.171146
9.45638	0.326058
9.44222	0.222545
9.50188	0.272621
9.46991	0.408149
9.45757	0.307696
9.32364	0.262085
9.38465	0.292842
9.46811	0.167875
9.39312	0.305991
9.408	0.11142
9.10581	0.107393
9.19558	0.16367
9.3918	0.166618
9.49444	0.346464
9.54697	0.272203
9.39623	0.384522
9.37771	0.178277
9.44098	0.154016
9.34087	0.0882112
9.45994	0.204475
9.33224	0.435465
9.38597	0.300878
9.38316	0.331702
9.15647	0.539492
9.10523	0.653389
9.49624	0.178639
9.54196	0.206517
9.46694	0.316137
9.62052	0.200285
9.57544	0.310597
9.46343	0.375449
9.48406	0.157567
9.57016	0.183525
9.4881	0.351195
9.45859	0.367491
9.37467	0.406725
9.41884	0.0483468
9.56869	0.236465
9.43375	0.51928
9.37877	0.381873
9.53347	0.0881791
9.63002	-0.0560716
9.58613	-0.110605
9.48048	0.169616
9.4375	0.277411
9.43875	0.389535
9.22266	0.381935
9.24553	0.478979
9.14038	0.591905
9.21975	0.395324
9.50449	0.400505
9.65954	0.250227
9.53438	0.221954
9.4807	0.108296
9.44904	0.189594
9.43067	0.465366
9.47614	0.408421
9.36947	0.401172
9.4263	0.429692
9.41455	0.364713
9.52736	0.321001
9.63093	-0.0349848
9.54825	-0.263122
9.62415	-0.197591
9.57301	-0.258215
9.63002	-0.0951219
9.56189	0.0127624
9.49331	-0.298867
9.54095	-0.142281
9.61829	-0.130285
9.54683	-0.181157
9.56118	-0.255999
9.59029	-0.25736
9.56854	-0.220881
9.17485	-0.221571
9.57525	-0.295895
9.60195	-0.279179
9.63968	-0.219851
9.58135	0.0567622
9.38042	0.273141
9.40734	0.239641
9.4521	0.0700559
9.54073	0.190759
9.41814	0.378761
9.20038	0.348549
9.37756	0.398477
9.36428	0.474674
9.29627	0.560861
9.32693	0.351048
9.45719	0.163411
9.48424	0.110605
9.41772	-0.108265
9.43831	0.0604446
9.41247	0.154345
9.39272	0.0383656
9.48831	0.0430199
9.44947	-0.0182695
9.37195	0.140128
9.40015	0.411359
9.2551	0.427677
9.20018	0.411285
9.55945	0.238169
9.55022	0.0354975
9.44189	0.0459474
9.44884	-0.0671309
9.56404	0.244453
9.53816	0.170952
9.23515	0.447341
9.52338	0.376223
9.55826	0.488296
9.59716	0.145278
9.65144	-0.0107936
9.58905	-0.099293
9.66105	0.154334
9.38607	0.671186
9.39288	0.319307
9.2157	0.373952
9.24897	0.555504
9.24542	0.539535
9.61142	0.153829
9.60117	0.150634
9.50302	0.286853
9.45511	0.235864
9.46586	0.352788
9.56572	0.355663
9.6144	0.0748244
9.65201	0.0143578
9.60664	-0.169522
9.54271	-0.0185418
9.51271	0.306965
9.50177	0.39723
9.51613	0.395947
9.5643	0.288627
9.60481	-0.112083
9.58081	-0.343152
9.52016	-0.199334
9.63513	0.10057
9.42178	0.198074
9.57104	0.411812
9.35409	0.178009
9.2511	0.228638
9.13256	0.343527
9.10112	0.363283
9.3487	0.563006
9.59591	0.511665
9.66689	0.157011
9.63524	-0.246496
9.64139	-0.10221
9.40359	0.508976
9.22318	0.567891
9.47854	0.276519
9.60367	0.0906143
9.40697	0.409585
9.45811	0.395685
9.45065	0.113076
9.42419	0.618528
9.59559	0.225581
9.63485	-0.167629
9.52513	-0.429249
9.42441	0.0630119
9.32778	0.290448
9.47824	0.275946
9.50058	0.195631
9.47636	0.241733
9.4987	0.275038
9.43556	0.123718
9.51189	0.00967849
9.43325	-0.0372043
9.53611	0.0660763
9.53239	0.0492277
9.48229	0.233993
9.36538	0.436105
9.37103	0.452459
9.5231	0.344973
9.49718	0.294015
9.55096	0.211558
9.63432	0.0201318
9.26948	-0.256358
9.58041	-0.217782
9.59157	-0.0697741
9.39985	0.497781
9.20017	0.5714
9.34087	0.39117
9.29365	0.403507
9.44839	0.228972
9.57073	0.314431
9.60028	0.0442424
9.54601	0.129912
9.51225	0.201255
9.4605	0.368226
9.53017	0.199146
9.61417	-0.143238
9.59661	-0.195247
9.61187	0.2137
9.51932	0.105752
9.44361	-0.056158
9.39203	0.470021
9.47786	0.642184
9.59199	0.27114
9.53768	0.347366
9.43588	0.347943
9.38525	0.443758
9.16253	0.521798
9.08037	0.676379
9.5025	0.360837
9.46632	0.161975
9.42234	0.0908593
9.56646	0.184154
9.55652	0.218725
9.44954	0.452111
9.52845	0.436854
9.67301	0.232353
9.67668	-0.0906126
9.56906	0.193471
9.38013	0.43582
9.52227	0.3563
9.19835	0.548125
9.2611	0.410786
9.52563	0.183556
9.60672	-0.323086
9.62193	-0.0363024
9.52358	0.362002
9.4476	0.0747898
9.44324	0.216841
9.40346	0.15574
9.38445	0.227544
9.16698	0.326892
9.37543	0.365431
9.63503	-0.00749669
9.64827	-0.195435
9.556	-0.213065
9.50419	0.134654
9.43066	0.0815849
9.4753	0.277317
9.49994	0.221019
9.4948	0.12641
9.61254	0.108735
9.58812	0.11189
9.48024	0.325584
9.42266	0.2801
9.33556	0.268288
9.16222	0.422308
9.09761	0.684927
9.45093	0.455285
9.5975	-0.0478147
9.55893	-0.231664
9.53493	0.079135
9.54443	0.251882
9.62949	0.235328
9.5342	0.253754
9.57925	0.151238
9.43964	0.416384
9.29636	0.590607
9.28148	0.457406
9.45924	0.391532
9.48812	0.346257
9.43165	0.0188764
9.46149	0.0687195
9.469	0.280799
9.28983	0.0734524
9.25247	0.174991
9.28164	0.421907
9.18937	0.337815
9.22867	0.373918
9.32282	0.286063
9.42381	0.260153
9.58649	0.324386
9.56813	-0.076437
9.39721	0.167593
9.50535	0.260948
9.45512	0.188408
9.42776	0.0393256
9.5086	-0.066892
9.4501	0.272499
9.44659	0.39326
9.2497	0.480221
9.24222	0.566503
9.2065	0.53461
9.25655	0.330151
9.2683	0.37778
9.32627	0.237789
9.58762	0.135721
9.51874	-0.0149487
9.5002	0.161094
9.47567	0.313457
9.58473	0.22374
9.64424	0.183543
9.54972	0.161236
9.58403	-0.0130501
9.60264	-0.0728921
9.49156	-0.338116
9.61931	-0.0628308
9.47051	0.571646
9.27507	0.540932
9.28495	0.560086
9.28754	0.700704
9.33444	0.457779
9.33832	0.111875
9.36371	0.176586
9.41834	0.173106
9.41967	0.247512
9.39107	0.370199
9.49329	0.17829
9.52304	0.186732
9.59044	-0.0787061
9.63516	-0.157127
9.61008	-0.060255
9.6224	-0.0432262
9.53276	0.250083
9.48604	0.00350616
9.57322	-0.0972464
9.62476	-0.268036
9.63395	-0.105634
9.59697	-0.188636
9.55624	-0.143914
9.59685	-0.0623317
9.6164	0.0911468
9.64548	-0.0547113
9.558	-0.169177
9.61545	-0.0887776
9.63552	-0.110978
9.5945	-0.266246
9.52959	-0.329601
9.50388	-0.505671
9.49431	-0.247522
