-14.8253	1.90425
-2.23617	-9.2422
-4.25956	0.378522
-1.10897	-0.624663
-2.64631	-1.19298
-0.35609	0.677412
5.99508	-2.51535
1.45234	0.194606
6.35124	5.65332
1.85361	-2.68281
-2.11996	0.0358308
-4.21664	3.60958
8.56583	10.7658
11.5262	-11.7052
-11.7767	-4.19368
-3.39377	-7.1728
-9.89407	-7.32223
-6.1386	-5.29006
-9.85007	-4.47715
-1.99233	-10.3457
-6.73329	-2.5808
4.47717	1.81611
1.75034	2.70247
4.43643	-8.39583
4.54973	1.31957
-2.99414	0.150226
4.93412	4.83155
6.19058	-12.598
-13.1241	-4.65605
-2.44645	-9.6907
-9.729	-9.51519
-9.40493	-2.41536
-4.59047	-9.0622
-11.8787	-3.63332
-2.7405	-2.96726
-3.62674	-0.659351
-0.389091	5.75089
3.16541	-2.45471
-3.09728	-2.64594
-2.35142	0.654655
1.37233	2.9521
6.45972	-13.8133
-13.2655	-4.84893
-5.40079	-6.34803
-7.97082	-8.38623
-8.0952	-7.62736
-0.55385	-0.911441
-3.05636	1.87688
-5.13988	1.61237
-0.901001	5.83501
4.36032	-3.62571
-9.00294	-9.98907
-2.27197	-8.28237
-8.10778	-1.11103
0.902762	0.621566
-3.05013	-17.5042
-14.946	-5.57346
-8.16651	-7.53017
-2.15099	-3.04451
0.835889	-0.598339
-5.66752	-5.79372
-4.00722	3.18607
-1.03722	-3.50519
0.0803197	-5.69997
5.2194	-0.706035
1.37743	-1.38394
0.620677	-4.12126
-0.86682	1.51904
-3.09957	-1.01666
-1.80087	-15.3506
-16.1423	-2.79419
-1.58454	-0.569317
1.498	-1.37439
-1.19665	-2.18243
-6.79359	-10.6696
-4.96251	-0.109313
4.61295	10.3559
0.270579	-1.02499
-6.2489	1.09209
-2.58771	4.34713
8.06495	4.38174
7.33612	-2.73018
-2.51012	-3.43186
-9.88104	-14.2946
-14.7846	-4.25097
-2.73214	1.54665
0.64694	-6.18092
-5.62101	-1.75857
1.14209	-2.55136
-4.11976	-4.27788
-6.19971	-2.60073
0.996384	2.71474
-4.41973	-4.6692
2.59421	-3.76536
1.06747	2.06216
-1.80946	-1.10351
-15.9173	-0.202101
-0.926792	-5.04861
-0.354664	3.09632
0.871174	-2.30705
-4.40222	-1.56085
4.02281	2.99777
-6.24674	-4.87719
-2.24484	0.993057
5.11798	0.875527
-0.325736	-3.08896
-8.3816	-4.44799
-1.92082	-3.98344
-1.05247	-2.9698
3.82015	-15.2143
-13.3441	-7.40467
-5.41692	-9.56263
-9.74387	-4.55389
-3.16743	2.40946
-0.616913	-6.41355
-9.66563	-7.18402
-8.45303	-1.48068
-6.19606	-4.40564
4.1467	-0.945897
-1.54463	-2.06228
-4.81093	-8.08103
5.1588	5.4137
1.96434	7.80089
-0.34238	-16.748
-16.1485	-4.31577
-5.27635	-9.10737
-8.55063	-3.66837
-3.09821	-7.66618
-4.35215	-13.7227
-12.4692	-5.51466
-4.73743	-1.5699
1.00997	-2.15522
0.724398	-1.14549
0.0994441	-6.18742
-4.57771	-4.92891
-2.33988	2.09763
-2.78308	4.11523
6.36049	-14.1716
-12.0742	-4.51823
-3.82914	-8.43789
-8.49261	-4.60511
1.97564	4.29712
-2.2715	-7.54771
-9.10083	-2.30082
-4.50261	-0.225842
3.23391	11.4669
9.8257	3.08376
-1.80758	-5.15886
-3.39004	-0.936419
-1.35599	-4.53742
0.0658047	3.15035
-0.264124	-10.9928
-15.9643	-3.49663
-3.44261	-9.8387
-1.64634	2.59973
6.91253	1.50609
1.70462	-4.49238
-0.942344	-1.19248
5.16316	2.40798
-2.17033	-3.43156
3.83423	3.78866
5.29899	-1.06112
-5.42325	-0.98054
-4.01858	3.35979
5.85065	2.48796
-2.5459	-16.0173
-19.1664	-3.26669
-2.31551	-1.96145
-6.43204	-3.47539
-1.90176	-4.18731
-3.88304	-14.6517
-12.4372	-1.96937
-6.50023	0.467059
0.137448	4.94147
1.69597	1.66386
3.47658	-3.30566
-3.90829	-3.71658
-6.48522	-4.42257
0.273604	-1.78804
1.96206	-11.3091
-15.951	-1.96207
-1.65237	-2.2868
-2.35408	-0.763129
-2.59355	2.43985
6.20247	-5.79669
-5.53762	-1.33394
-7.6333	-4.02017
-1.08595	-1.20802
1.10849	-1.62936
-5.10435	1.98328
1.74126	5.7587
-2.57987	-8.58843
-4.26089	3.34328
5.94593	-16.0436
-13.265	-3.25786
-5.13033	-7.99252
-10.9145	-7.07687
-6.72792	-0.757422
-6.0618	-5.19088
1.9023	9.27031
9.18766	13.0034
-16.2444	1.32109
-1.6873	-6.42469
-2.98426	1.57463
2.44852	-1.1045
1.08801	-0.416416
1.86674	7.28395
-8.05362	-1.30737
1.74135	3.49565
-0.141286	1.65688
1.12369	-1.94035
-0.886582	3.37414
1.528	-1.05479
2.08345	2.88233
0.996359	-17.8683
-16.6026	-2.25401
-5.45637	-4.66549
-5.93444	0.592821
-3.10153	-4.86676
-4.27864	-2.93261
2.2239	-4.60753
0.69037	0.968672
6.51135	5.49861
-0.973806	2.50104
-4.97746	0.241097
-4.57874	-2.88398
-2.69387	-3.81077
-5.69841	0.793522
-0.890931	-14.788
-15.6386	-5.53321
-9.62463	-8.36291
-6.60853	-1.28563
-4.05863	1.91687
-6.21532	-4.84879
-9.51316	-5.8481
-12.9582	-6.53527
-1.9236	4.66424
-2.21423	-5.61476
-1.76045	-3.40178
-6.15793	0.245961
2.51275	3.0893
2.8155	-3.11801
2.49259	-13.5668
-14.9315	-7.71848
-5.40863	-9.79317
-10.2514	-3.78782
-5.54643	2.19234
-1.05909	4.45318
1.13269	-10.159
-13.374	-6.56404
-3.83459	1.59039
4.97934	11.9251
-1.18859	-3.88693
7.37126	-0.320845
-2.10074	-2.51606
2.15589	-0.60523
-0.253897	-13.6356
-12.8735	-3.33005
-1.57534	-9.65981
-10.1713	-6.21862
-3.92739	-7.91241
-5.4244	1.59818
-2.07271	-5.83673
-6.30579	-10.809
-5.8462	1.12655
4.91359	6.59898
1.45098	0.365309
6.01326	2.89957
-3.48168	-5.09902
1.54725	3.76483
4.70655	-15.1821
-16.3507	0.277769
-3.91771	0.250739
-4.03279	-4.87891
-8.40894	-4.31449
-4.04898	-4.29716
-3.47396	-3.70912
-6.44091	2.57133
1.64806	6.28841
2.77945	12.4471
6.12981	2.18659
-4.2984	2.88108
2.24597	-0.119669
-16.2182	0.24146
2.07485	-0.972543
-3.30321	0.0816054
-1.77904	-3.48967
0.548647	-1.52323
-4.7197	0.164716
9.68849	3.80602
5.55726	4.44023
3.556	0.906476
0.267386	-1.79693
-1.52056	-1.26924
1.43229	-2.70104
0.643255	3.30204
1.20544	-16.4687
-15.4653	-2.83248
-1.14782	-5.48853
-6.31972	-0.866063
2.87486	-2.06568
-6.35408	-8.50704
-4.19579	-12.0865
-9.86494	3.77997
2.17346	3.38871
-1.01132	-4.40861
-3.74303	-9.00428
-6.44212	-0.247935
-1.93595	5.92456
-0.00700031	4.095
0.401731	-16.5294
-14.4347	-3.26807
-0.196944	-5.59379
-8.04297	-2.22752
2.46399	-2.31727
-9.43865	-10.2223
-13.1744	-1.37372
5.59511	-2.69288
-0.452414	-0.0808722
6.28606	1.33286
-2.37761	-2.11812
-0.113608	-1.17406
1.08909	0.786199
0.0887902	3.26087
6.41565	-11.4213
-14.0585	-1.35343
-2.50888	-7.15216
-5.83292	-0.205614
-0.394291	-6.95333
-7.21436	-11.7074
-1.63318	-9.48363
-4.98243	1.64055
3.86436	0.573803
1.43038	-1.57306
0.952721	-7.70909
-13.237	-10.7034
-6.94354	3.06477
-4.47563	-0.658581
-0.645309	-10.1636
-10.9006	-3.8121
-3.92915	-7.15331
-6.6387	-8.31981
-3.94781	-3.2798
-2.49661	0.551403
2.29263	4.20137
-4.68951	-8.04831
-3.06264	2.09639
6.04659	1.24812
6.09859	-0.81444
4.22418	2.2272
-0.884759	1.68537
1.3453	1.65935
1.73272	-17.4494
-15.7473	-2.92119
-5.7654	-10.206
-8.36549	1.07834
0.584795	-2.50587
1.07453	-8.36174
-2.30327	0.44093
3.94482	-0.163266
0.411656	4.4654
-0.212208	0.72984
3.86755	4.78378
10.8065	1.64132
-0.176426	0.919326
0.843037	-0.716104
4.65825	-12.8323
-13.2193	-6.30416
-6.07832	-5.77478
-5.143	0.072458
0.870995	0.213613
0.997391	-8.33185
-7.28528	-2.72657
3.51589	-5.0084
-4.01367	-3.5216
-0.404932	-1.59654
-5.3222	-4.97099
-1.72587	-8.58973
0.838341	5.77712
-0.665696	0.1461
3.71164	-16.969
-16.038	-4.08961
-3.57812	-4.74129
-6.98271	-6.84207
-4.04481	-3.63238
-4.4128	2.21851
1.62218	3.99562
-4.92929	-0.434056
5.99016	3.56666
4.35182	1.18397
-0.573542	4.46776
1.55474	1.76384
-3.75784	2.18994
-2.95684	-0.14434
1.89502	-16.7164
-15.846	-2.76842
-3.08907	-3.24395
-3.57753	-2.57246
-6.47234	1.4042
-5.34829	-0.862242
-6.09492	-2.94174
-0.804557	-1.9296
-1.48836	0.628252
3.22728	-1.05503
-2.58162	-6.43716
-6.928	1.51926
6.6771	7.56581
5.75378	2.31463
0.302067	-16.1925
-15.9205	-3.26642
-2.84024	-8.86054
-3.70194	1.26711
0.880088	-5.11719
-7.93871	-14.0718
-16.5104	-0.890663
-3.85897	-2.87496
-3.24555	3.01348
7.59463	-5.52112
-4.37945	-15.3402
-10.7053	-3.79818
-6.98945	0.297532
-1.78281	0.509804
-2.0996	-14.6888
-14.2712	-6.2334
-7.89591	-9.48024
-6.83971	0.820349
-1.6905	-0.779369
3.76377	3.0553
-0.223893	-1.36756
1.78747	-4.88767
1.49722	0.921635
-0.230002	2.15655
1.12137	-1.71478
5.28811	4.17656
-2.41159	0.440485
2.86359	-1.49279
1.42906	-15.4898
-15.0136	-7.86992
-4.31763	-8.91987
-9.61115	-2.17354
-0.55645	1.4308
2.54129	1.91376
-0.29762	-4.86325
-4.68938	-4.70775
-4.21879	-0.475974
-0.638892	-0.555466
-6.71037	-4.21199
-2.62381	-6.24893
-1.71429	0.0758175
3.10355	-0.579141
4.56107	-13.8393
-12.9524	-8.39282
-9.00216	-3.90522
-0.520185	-5.81837
-1.75923	-7.26472
-8.27814	-3.22193
-1.06022	-5.26043
-5.41467	-0.744248
2.88683	0.362142
-0.0704108	-4.4195
-12.8574	-7.26188
-2.13118	-0.175965
1.01348	2.64904
-4.71528	-1.3672
4.48695	-15.5029
-16.0755	-3.9542
-1.25825	-2.14569
-3.5582	-4.55794
0.333211	-2.5594
0.951519	1.9571
0.156564	4.55561
0.0639864	0.0722606
-14.4793	1.84156
-2.00417	-4.45194
-3.62936	2.31276
1.24581	0.405231
2.10724	-0.287472
-0.132659	3.04406
0.242566	2.42886
-1.07314	-6.1781
0.682898	6.47544
2.60969	-3.94054
-6.35605	-1.48098
-6.37507	2.1962
3.8071	10.1799
10.4934	-14.4461
-14.2039	-4.95316
-5.06637	-9.95078
-7.45603	-10.0468
-3.91443	-8.01211
4.04521	-6.85164
-4.651	0.274173
2.05732	-3.25087
-3.10101	-7.88879
-8.24047	-1.04902
0.358753	-3.73419
0.084269	0.480024
-5.4254	-0.224807
1.28348	2.2956
2.77663	-18.1264
-17.3004	-3.09481
-0.569679	-7.79929
-6.63066	3.54578
-1.11402	6.16333
-3.99783	-18.3732
-13.4107	-2.53113
-1.22433	-7.79211
-1.46623	-4.64553
-5.69624	-5.77436
-6.53472	0.483231
-4.24884	1.86844
0.0687182	4.63071
3.03425	1.32273
7.38972	-17.7192
-16.2663	-3.7338
-1.5343	-5.53288
-10.3352	-7.98035
-7.32021	-1.13348
1.04152	-2.37435
-2.03417	-8.7759
-4.33837	-2.51821
-2.42856	-2.30468
-1.80703	-6.14927
-5.58359	-2.70343
-6.65127	2.06937
-2.31235	2.05885
3.61818	-1.98077
2.21885	-15.6528
-17.32	-4.2777
0.0249029	-4.6999
-5.93583	5.39676
3.18119	-7.09511
-3.89201	-6.91412
-9.2184	-6.38621
-5.0393	-0.647326
-7.14996	2.37445
3.34894	-0.776558
-2.00302	-2.7817
-0.440005	1.90063
4.47618	2.72095
0.612249	0.408298
4.9067	-15.2802
-15.2697	-3.582
-2.21229	-2.37
-3.66375	1.10915
0.942276	-5.38906
-2.93246	-3.92743
-2.80542	-7.07692
-4.09471	0.438563
-4.92789	1.29412
-6.9693	0.860452
3.00319	-6.0337
-2.72595	-0.170131
0.588471	0.499166
0.0252048	-2.00875
0.892342	-17.3532
-17.7121	-0.141656
-2.96068	-6.96791
-5.30509	0.0897245
-2.68868	-1.70891
0.973085	6.0649
1.45126	2.35549
1.66023	-0.769296
1.82231	1.48089
-8.26457	-2.97756
-2.42319	-3.9778
-2.99863	-2.68198
6.80416	2.54112
-15.6596	-0.334092
-0.383246	-4.43883
-4.33023	1.31616
-1.45761	-0.92626
-4.31721	2.78197
-1.99762	6.56226
1.4825	6.82156
-2.28041	-1.88152
-8.11176	-5.15822
0.497352	-1.20821
0.492886	-0.547533
-2.10459	0.139711
2.42137	-0.386072
-0.205812	-13.2982
-14.6013	-8.34788
-7.582	-11.4359
-9.03073	-6.38296
-3.98079	-6.89605
-2.54164	1.42504
-3.44064	-6.45896
-9.24151	-3.93039
-5.1093	-0.533607
-0.550754	-2.07745
4.48616	2.43037
-1.54029	0.902727
-1.74704	2.86282
4.80371	3.26587
1.99256	-12.5221
-11.8146	-2.08429
-2.25109	-7.64325
-8.77707	-10.1885
-9.52246	-9.4158
-9.41741	3.75549
2.16711	4.0275
5.8671	-4.82035
-1.5698	1.66753
-0.115151	-2.23604
0.32881	-2.71501
-8.49826	-1.03513
-2.22613	3.45458
2.71946	2.01382
3.25566	-13.8952
-13.1564	-4.17665
-2.89788	-11.0804
-12.6719	-6.02264
-0.225599	4.34844
-1.32976	-3.40541
-4.94233	-11.5302
-9.21976	-2.61108
-4.9294	2.87154
6.99132	3.37342
-1.72486	-14.033
-15.8361	-3.94084
-7.34887	-2.8788
2.1492	4.9964
9.33353	-14.967
-15.9749	-6.18049
-5.87058	-10.4229
-9.19276	-3.69899
1.04494	-1.06039
-2.23675	1.82671
-4.32854	-2.10134
-6.18518	0.991642
-2.26226	0.190922
-0.157625	-0.53908
0.744614	-5.6121
2.18016	-0.987778
-5.8683	1.09531
1.41173	-1.8092
7.17795	-16.0113
-15.9726	-8.87514
-7.41768	-9.14267
-6.99489	-3.79306
-4.82137	-0.249597
-2.43659	-11.4534
-14.5665	-8.92904
-9.27474	-1.44274
1.31429	-1.42502
-4.33708	1.03477
-5.30377	1.88863
2.91256	-0.547913
7.4081	4.31722
4.4507	2.31148
-0.435187	-11.7376
-12.8776	-5.1684
-5.52697	-6.54952
-7.39023	-7.10784
-10.0554	-9.36699
-10.0481	-1.05413
-3.16475	-4.4399
-2.7968	5.48397
6.31395	4.98423
-4.04325	2.01554
3.40594	-8.14626
-4.33406	-6.36496
-8.02363	-0.772069
1.4451	-1.25968
-2.64264	-11.5196
-14.821	-5.19678
-3.77299	-3.2574
-3.33061	1.03289
2.09523	-1.02979
1.46274	3.15795
1.2163	-2.39281
-8.8713	-3.32084
-0.599932	-3.06257
-1.62856	1.63765
-6.685	-2.96977
-7.11628	-6.74731
-4.33053	-0.26708
0.932525	3.21083
0.906666	-15.3264
-17.0226	-4.81452
-3.51584	-3.20568
-0.847296	1.82542
1.34521	-5.17288
-0.289827	-8.28666
-2.39273	-0.734506
0.912861	-2.35624
1.13497	0.167187
2.09479	5.23374
4.20872	-1.32094
-3.45868	-1.55615
-0.779134	-3.25307
-3.14083	0.970821
3.18219	-12.5488
-13.7341	-3.86293
-7.54641	-7.12629
-3.89081	-2.04727
0.398309	2.73489
-1.99918	0.506221
-3.61191	0.587012
3.38355	-3.42712
-0.835332	1.20741
-1.43717	5.50055
0.736571	1.9741
2.34093	1.71166
0.188936	-5.97417
-14.9474	1.65502
-0.49862	-1.16249
-3.51821	0.642436
2.36357	-2.00577
-5.59471	-3.45765
1.03021	-0.100195
1.44158	4.10622
1.69622	-0.17051
-4.11154	-4.53223
-7.94071	-1.36207
-8.12265	-5.26493
-2.80613	-1.43786
0.861244	4.46022
3.0777	-14.8462
-14.6279	-5.28954
-3.87659	-6.75146
-10.2225	-9.44916
-5.99626	-4.96088
-6.81757	-11.5104
-16.1404	-9.06371
-2.46039	6.98908
6.34403	4.29844
0.261567	1.06512
-3.41571	-7.31669
3.05206	3.46054
4.66611	1.46012
5.75535	0.521281
2.09776	-12.2107
-12.6537	-4.45586
-4.06054	-5.91585
-4.18693	-3.63482
-1.49871	-2.3856
-5.2539	-16.2029
-15.6517	0.149053
-4.35774	0.686408
0.101755	-8.6145
-7.39222	-6.22425
-3.44523	-6.93963
-7.43024	-0.831763
-2.37847	-1.5462
-2.78546	2.60862
1.485	-13.2394
-11.1452	-3.98324
-4.87951	-6.01619
-4.92415	-3.30577
-4.00793	-9.56493
-12.9861	-5.11259
-8.84427	-9.14404
-12.3063	1.7846
2.62938	10.6012
8.67266	1.35132
3.08734	2.13471
-0.492235	4.89485
0.628825	1.6782
1.39718	6.63968
4.43493	-14.1523
-15.4031	-4.73293
-6.39452	-4.86982
-8.10287	-0.075936
-3.24113	-3.7381
-5.62185	-10.6478
-11.2831	-3.5574
-1.97758	1.06278
2.34375	-2.9843
-2.67926	-4.87884
-5.74382	-9.424
-0.233653	0.48509
-2.17468	-6.53453
-2.01563	3.91534
0.37416	-11.6453
-11.9791	-3.38089
-3.03504	-9.04035
-7.78731	-7.65277
-3.01164	-3.96704
4.3337	3.25498
3.82976	1.77711
4.699	3.77294
-2.78424	2.45832
0.500348	4.55193
4.31264	-0.345179
-7.93878	-1.03323
2.11614	3.07644
3.68986	6.30835
3.00104	-16.4061
-15.7397	-5.38936
-6.41569	-8.5841
-8.16001	0.498857
-0.594189	4.017
-0.380315	0.274072
10.2774	1.02882
-0.946656	0.552889
-3.77969	-2.92538
0.562054	-2.35619
-11.2634	-8.23605
-4.20746	-6.2166
-1.77424	-1.89133
-1.84528	2.71478
-2.81493	-16.7686
-16.5561	-2.29979
-2.50441	-9.62251
-7.47377	-1.35707
-3.19948	-5.60896
-0.708998	-6.1291
0.777842	-7.33909
-3.44709	-2.361
0.283336	-1.60759
-4.62572	6.03427
6.3602	3.73368
-1.68714	1.48757
3.60055	-2.81773
2.85684	3.04684
3.22849	-13.5098
-13.0215	-7.61769
-7.76835	-10.4721
-11.3446	-10.9735
-7.80377	-7.33762
-2.67506	-2.76985
-1.81995	-1.63256
-3.14684	8.53361
2.00298	-1.08084
-5.1327	6.1105
6.74362	1.52624
3.52886	-6.4269
-8.43167	-3.85464
1.12662	-1.75401
-0.210177	-13.8148
-12.6782	-7.48415
-7.35396	-7.81026
-7.7323	-1.07231
1.04121	-3.34645
-3.59417	-4.49877
-8.54918	-4.14416
-2.28902	1.40373
-1.40182	0.0871577
2.58591	2.41291
0.509299	-3.48873
-6.18811	0.0519089
8.40444	0.826345
-16.0614	0.617873
-3.39666	-4.13583
-4.16596	-2.34506
-3.42106	-6.9367
-4.78629	0.477249
-5.34815	-1.80622
3.38208	-5.64781
-8.32331	-5.69058
-15.8528	-3.91653
-6.03858	-4.0119
1.26921	-1.89183
-6.19502	-5.65346
-7.56007	-2.21712
5.34726	-16.9203
-16.3508	-2.24762
-3.8706	-7.75192
-7.16782	-9.01081
-11.0467	-4.8336
-2.99714	-0.855859
-0.932641	4.94764
0.10141	10.6749
3.53095	-0.594575
-1.66642	1.59806
-0.675139	-2.24785
0.00709534	-2.39216
-1.95252	-4.25414
-4.06728	4.36961
2.03189	-11.3572
-11.5016	-3.8502
-2.6994	-9.08894
-10.5288	0.302014
0.567649	1.25325
1.1662	-1.98926
-2.56955	-10.0657
-13.3316	-5.58078
-1.45463	6.53774
-1.36253	1.01414
-0.478448	-1.27417
-2.96977	1.67269
-1.812	3.04806
0.397903	-2.67195
0.396135	-16.2029
-16.8337	-6.96935
-6.94012	-2.77232
-3.38959	-0.507956
-0.278764	0.0865624
4.9569	-2.13292
-3.30542	-7.29848
-3.1594	-3.0609
-5.83648	4.3665
3.68148	1.8051
-3.38664	1.35077
-0.446681	-0.569162
5.13305	3.67974
-0.494783	2.90325
1.13254	-14.8053
-14.3637	-1.63303
-4.45206	-8.66017
-7.98713	-8.88795
-8.04793	-1.51035
-5.49131	-1.12504
-3.38814	0.252909
6.18808	1.13118
0.497767	1.53476
5.12	3.79395
3.3923	-3.26757
-4.82525	-4.13407
-8.10846	-1.92998
-4.38849	1.81411
-0.321836	-15.2312
-16.094	-4.71952
-1.66731	-4.58892
-4.21306	0.83937
3.02935	-5.68372
-7.4851	-4.9892
2.94636	1.22227
-0.063056	-1.9716
0.247447	-4.04136
-5.46998	-4.53311
6.27314	3.29052
3.00382	2.68516
6.50446	-0.669769
-16.454	-0.316171
-1.01728	-6.0847
-3.74255	-2.17326
0.464024	-0.460888
-5.99004	-2.52522
-0.984209	-2.33161
-0.121592	2.24035
-0.770285	3.52723
-0.989956	3.2384
-1.10221	-2.49495
-2.58485	-4.34615
5.75207	1.1362
-1.76116	1.10286
2.7891	-14.6043
-12.5139	-2.35904
-8.71312	-12.2187
-12.2824	-2.50653
-1.65202	2.00092
2.58873	-4.07207
-6.98384	-1.0822
-0.140477	-1.16674
-3.44333	-0.256689
-1.67652	-2.88881
-1.75938	-3.16453
-6.29961	0.172271
-0.0141387	4.00593
3.03335	4.6579
1.99169	-15.4977
-15.4148	-7.86478
-7.88947	-8.83516
-5.5812	5.3804
3.6989	-1.79231
2.32071	-2.22803
-3.3317	-10.7349
-4.56711	-2.24061
-1.7114	2.77792
5.17389	-2.63786
-2.69171	-7.65271
-8.22255	8.16514
4.41814	7.07727
5.44631	2.37859
-1.16678	-15.018
-16.764	-7.09967
-7.61147	-7.29551
-9.87288	-1.92434
-4.94788	-0.408747
1.54701	2.49377
2.32076	-4.40894
5.34819	4.56002
-0.642646	3.35705
5.8279	-0.427558
5.06866	1.40712
2.65522	4.84379
1.44359	3.95354
0.214985	4.00154
4.68224	-11.9347
-12.353	-6.55828
-5.24389	-9.46507
-10.3575	-6.57032
-8.57899	-6.41716
-6.81884	-2.83349
0.164077	-0.972367
0.866411	1.95696
0.323861	3.47445
3.25732	4.27999
2.67772	-3.53519
0.360126	1.11583
2.58879	1.21542
5.23796	6.20023
4.2948	-16.3053
-17.0614	-5.8676
-1.41298	-1.05651
-6.07092	-0.326005
0.234705	-1.45443
-2.6833	-7.60732
-11.066	-3.56873
-4.43597	-4.27073
0.55441	11.5859
5.53868	7.62562
3.33795	5.22647
8.27999	2.53018
3.48262	2.867
5.50409	4.31129
6.57423	-13.4721
-13.1509	-3.17963
-4.92218	-10.6396
-9.14327	-8.49731
-7.31023	-6.51298
-4.96945	-5.8433
-8.31366	-6.21031
-7.45063	4.447
2.94357	1.48809
-0.298786	2.50033
-2.3883	-6.48281
-9.49319	-11.8941
-9.31549	-4.27658
-1.61873	0.809483
0.16341	-15.9558
-14.8557	-3.62018
-5.84367	-8.37593
-7.45116	-9.93556
-10.6013	-11.0169
-12.5162	2.03537
1.02009	2.14598
2.4261	4.95187
1.90178	4.46973
4.2942	4.02944
4.09953	-3.15873
-6.02305	3.54007
0.818045	4.06533
3.82135	2.60354
-0.664751	-15.4477
-15.3686	-4.73561
-3.91569	-7.9769
-6.31949	0.37757
-3.73589	-6.46542
1.14901	-7.49183
-13.0693	-5.33014
-3.07502	-6.80697
-7.23014	-3.47152
-0.981955	-3.50915
-4.36337	4.49728
-1.25778	-1.42754
-2.8174	-4.12214
2.66761	-0.917285
3.34404	-18.0035
-12.9855	-2.935
-6.66341	-3.13536
-2.63229	-5.93734
-1.06202	0.400807
1.6445	-3.67539
-1.35153	-6.46458
-5.90332	-0.273865
2.89329	4.1961
-2.01346	0.226896
-1.89107	1.51616
-7.22838	-3.49882
-10.1653	-4.66239
-5.0059	-0.492009
-4.33398	-10.6154
-10.1419	-4.73806
-4.46543	-8.94168
-7.106	3.28931
2.79364	0.266824
1.51347	-1.34017
-7.03877	-4.61465
-13.7481	2.46287
-1.74492	-4.22921
-2.83207	-4.54574
-0.566729	-5.39761
-2.05171	-1.95188
-5.39271	1.63963
2.06252	-1.69705
-1.7598	-15.3812
-17.1575	-4.19227
-3.90031	-6.79947
-9.57043	0.800479
-1.95052	0.508499
-16.634	0.00198123
-1.2426	-1.88684
-2.36048	-0.528456
-0.477791	-1.64889
-0.946411	-3.92586
-4.66392	-1.82919
-9.43806	2.39268
-1.07308	1.45635
5.14782	-1.1982
-2.21409	-7.22227
-5.06122	-5.38811
-5.20738	2.80517
-3.42084	-1.07322
6.52985	-16.0998
-17.3543	-1.76184
-3.99163	-4.14983
-5.98544	-6.12478
-7.37199	0.472309
-2.45252	-4.78496
2.21801	0.636954
0.0753347	-0.375161
-0.989403	3.65965
-5.2168	-1.65247
-0.498078	4.94187
5.08311	-1.16375
-0.597642	4.55009
1.67089	4.33402
8.02665	-14.7098
-13.038	-6.39209
-6.3735	-7.97173
-8.11956	-10.7279
-11.2569	-11.1813
-8.78235	-0.754641
-2.48716	4.89459
-1.59603	1.47402
1.75658	-4.23728
1.40122	3.93574
2.91461	0.95989
-5.14862	-1.80202
2.46512	-2.7108
2.7427	-0.8727
0.0321106	-13.3892
-14.0495	-2.67717
-3.96835	-8.69417
-6.01299	-3.29858
3.10567	-2.89647
-4.96422	-12.1391
-13.273	-5.12613
-5.99115	-1.112
-1.06998	5.09154
4.83502	5.48703
0.800194	1.53908
5.60098	3.0396
5.64229	6.68964
3.59488	-1.62718
1.95437	-14.597
-13.2062	-7.73164
-3.7235	-3.42303
-4.40481	-1.06385
-0.75601	-0.484327
0.118481	-5.91496
-8.14282	7.73781
1.81687	-6.32329
-1.15933	-5.7258
-0.801184	-0.642105
-1.06138	-12.7215
-5.335	-3.47601
-2.24061	3.02006
-2.57632	5.3668
7.84322	-13.2343
-13.2712	-3.90863
-3.21284	-3.69365
-1.81789	-5.17734
1.22964	1.02711
0.786042	0.810356
-0.434818	-4.48963
0.793486	4.82743
10.2943	2.20575
4.65019	-0.58286
2.2734	-4.19828
-6.08143	-5.95051
-4.98025	2.83414
-1.00848	0.903537
0.451934	-15.0566
-16.5378	-6.40558
-7.56582	-10.9926
-8.71252	-6.85564
2.39285	-1.22513
1.24811	-1.58557
-3.28983	3.60333
-2.89007	4.13253
0.754309	4.80779
5.26666	-0.376741
-2.40429	-5.61503
-6.64674	-9.28977
-6.29367	-3.81451
-2.80334	-0.141177
-0.399356	-12.7875
-12.2926	-3.06485
-4.06332	-4.63154
-3.48148	-0.491884
-0.291391	-5.19623
-5.88223	-16.4515
-7.44807	-0.663024
-6.45015	-7.25604
-5.12148	-1.84596
1.01481	1.50993
1.58853	-6.57453
-2.61682	4.78558
10.564	0.443764
-1.23003	3.86561
4.07578	-14.13
-16.1615	-3.89381
-2.84013	-2.69006
-1.58208	0.690966
-0.731599	-8.17607
-2.26839	-10.2719
-3.86591	3.58563
-0.894182	-1.02392
1.15494	-5.01916
-4.65633	-5.34517
-0.236653	-7.98358
-5.93354	-2.61297
-2.45411	-7.90702
0.172283	2.22421
1.23252	-14.6563
-12.4938	-2.76036
-3.93472	-10.4551
-8.78735	-8.1575
-8.11704	-4.31263
-5.58529	-2.7419
-2.95402	-3.42477
-1.76792	-1.23828
-1.94086	-2.21183
7.2032	7.1555
3.29653	-2.79738
1.90727	0.931811
2.61967	-0.676053
-15.7594	-1.29477
-2.25081	-1.46365
0.575001	-4.14917
-3.64391	-3.72473
-0.0674824	-6.89976
-7.37061	-3.96275
-10.6725	-4.2034
-2.89577	-0.566348
-1.48512	-3.49131
-6.50386	-1.47578
-2.14282	-1.6515
-2.49154	4.08678
3.16582	9.15225
8.34698	-13.6083
-14.6302	-5.05902
-7.40367	-9.05524
-10.4983	-2.77358
-3.45527	2.74345
-4.90852	0.303443
2.80725	8.05395
6.42623	-2.1481
-7.69681	-6.12016
-3.34746	-7.99124
-12.1209	-4.56512
-2.28212	1.71911
-0.855104	6.7596
10.118	5.61158
10.152	-13.3321
-13.9063	-6.01635
-5.09933	-10.0441
-10.9295	-4.19019
1.24808	-8.63867
-6.4197	-10.8289
-10.2465	0.194466
1.74836	-5.79711
-2.5593	-6.60434
-3.4252	-0.453251
1.79209	-1.13935
2.16222	0.345839
-0.384386	0.331123
3.96176	0.586135
5.54897	-12.5672
-12.763	-5.81558
-6.33064	-9.99344
-8.64515	-3.42523
0.585476	3.37567
2.78411	-8.74529
-3.20544	-4.55879
-5.60935	0.64376
-0.533302	1.21931
0.985409	1.32626
-4.15645	-8.6564
-2.22648	3.04243
-0.877332	-0.254916
2.16548	2.58533
9.47642	-13.7302
-16.4988	-8.46984
-1.3896	-8.65497
-7.59764	-4.19766
3.51425	-6.16472
-0.296389	-6.88965
-6.73102	-1.65492
-1.85837	-11.9572
-8.56247	-3.15159
-5.9833	-9.51857
-7.97158	-4.71393
-4.68054	-2.14067
4.13711	5.82506
0.83603	-0.780391
-1.87291	-13.6786
-14.7142	-5.02408
-5.24809	-6.37541
-8.51504	-2.7298
-0.266625	-1.14526
-3.00952	-8.52345
3.89589	6.46482
-0.698946	-4.73758
-0.347189	-2.6701
-3.56297	4.68378
6.52228	-2.35688
-4.35637	-3.07501
-0.397467	-0.669299
-2.13181	-3.10894
-0.69384	-13.1413
-14.615	-2.29434
-0.256955	-5.42025
-5.69273	-0.859156
-0.255797	1.1988
0.411099	-7.38306
0.148511	-0.525323
0.722271	-1.43178
-14.7664	1.98068
-3.34934	-3.79411
-6.20188	-0.741845
-1.06785	2.87207
2.15045	-4.31202
-4.3521	-3.08171
0.0742639	9.36855
6.31748	11.441
5.82441	0.189618
-1.0533	-2.46065
-6.12047	-2.04998
0.0224162	-2.26297
-3.78216	-4.56905
-0.552379	-18.634
-13.1923	-1.65717
-5.34034	-10.752
-11.9451	-0.24157
-1.41733	-8.98845
-7.16835	-0.350459
0.07895	4.56279
7.43984	-0.897075
0.539479	4.8962
2.63271	-2.15748
4.13406	-4.64552
-5.39786	-2.06548
-0.501976	7.67552
2.66745	3.78152
2.48776	-18.8204
-15.2771	-8.0407
-8.82348	-11.0067
-9.36512	-5.33355
-2.16803	0.548033
-1.79387	-2.90374
-9.66908	-7.65233
-8.78856	-1.49808
5.63232	0.194454
1.1923	-0.0626891
0.0826837	-12.8509
-9.57651	-11.9605
-4.42358	-0.0582641
1.93932	2.26091
-0.286072	-14.7109
-12.3175	-1.47311
-7.40211	-6.7372
-9.78376	-0.02308
-5.92184	-6.85867
-5.51598	-4.85855
-3.15283	-1.8955
-4.70076	1.0654
-2.647	-0.248747
-1.80192	-6.5787
-9.28813	-4.59304
-9.3717	-6.98724
-11.5651	1.03264
-0.966133	1.33331
0.204778	-13.476
-14.2629	-4.27856
-5.05873	-10.2249
-6.17753	1.74808
2.73944	-5.66937
-9.24993	-8.84494
-5.09503	0.446018
-2.90568	-1.22644
-0.860547	7.47224
-0.108775	3.0488
3.54422	-4.1327
-1.9719	4.72537
-4.95435	0.13525
-5.42573	-1.65551
1.55516	-12.6925
-16.2235	-5.37047
-4.15466	-3.61359
-6.12283	2.37125
0.649179	0.833642
-1.35628	-4.95146
0.0194054	1.60601
4.89936	1.10536
1.07975	-1.73076
-2.79012	-0.00739584
-3.80117	-2.31184
0.274986	-4.30029
2.52233	0.394085
0.452846	1.80695
3.57743	-12.0675
-12.7013	-7.38974
-5.8548	-10.4434
-5.6721	-0.674611
6.20087	5.59167
2.65086	-4.77562
-0.192291	4.94301
-6.36717	3.37324
-1.93382	-0.128647
-4.19537	-3.57511
1.55437	-6.12603
-4.19222	-9.03047
-1.98734	-6.78136
-0.224875	-0.948478
-1.68754	-11.1802
-11.952	-3.79334
-4.35378	-10.5245
-9.10024	2.20239
-1.45063	5.35923
5.56287	-4.31091
-9.57969	1.0092
5.7782	-5.85528
-1.59906	-1.62116
-1.97664	-0.950754
-8.98998	-4.48811
1.02401	-2.82672
-1.68656	2.69497
1.72034	3.94305
4.23287	-14.7144
-14.7432	-10.1822
-8.28499	-10.1721
-10.6001	-0.431099
-1.94625	-2.50589
-0.126785	0.983021
-2.95606	-0.2967
-0.0789574	4.38885
2.14484	2.49571
2.29677	9.77918
-15.9132	4.89562
-1.10868	-1.37148
-3.89867	-3.55244
0.474421	2.01228
-3.61404	2.60076
5.24408	-0.443839
1.5308	-2.78345
-2.07389	-3.37528
2.95104	2.12404
0.354087	-6.69489
0.597385	0.436393
2.51799	0.0122594
-0.391401	-0.523508
0.700928	-12.7754
-11.9427	-4.48466
-4.45575	-9.31654
-12.4461	-12.5764
-10.4158	-1.92428
-1.89461	-0.995799
0.047405	0.310652
-1.53038	4.13959
5.69599	0.636437
-2.12224	4.43454
0.00671579	-4.80424
-9.20331	-5.28427
-1.22612	1.2825
-0.799417	4.55079
4.3173	-13.9362
-13.8961	-3.33273
-4.61228	-5.92861
-9.59376	-9.91865
-7.2801	-7.17761
0.75119	-2.52431
-2.10571	-10.4802
-5.79616	-5.58451
0.85035	5.30413
1.71489	-5.47431
-4.87114	1.12732
-0.178625	-2.02744
0.633392	-1.84551
-0.139446	2.12938
-0.218078	-17.2094
-16.2087	-5.42529
-4.17624	-3.89703
-9.84863	-2.32376
-3.1315	-1.83235
-8.92831	-0.502284
2.60864	3.88614
0.960339	4.00005
9.53898	3.11282
0.0361981	-4.4814
-2.12798	-8.18148
-8.09237	-3.35233
-4.57201	-0.935933
-3.84137	3.17349
0.736435	-10.785
-12.0533	-3.03977
-2.32595	-8.02252
-11.5211	-3.22549
0.155351	-3.4321
-2.50433	-5.99683
-3.65982	-7.93765
-10.1573	5.87083
0.368092	-5.70148
-9.45915	1.57717
-5.15633	-8.58667
-8.50254	-0.472225
-1.98017	0.174431
2.85843	-0.211668
5.2558	-16.1265
-12.6846	-5.76391
-3.86355	-10.5362
-10.8312	-3.09223
-4.16811	2.0867
-1.94855	-12.0856
-11.9507	-1.91941
-7.34899	-2.83672
-7.04501	-3.74914
2.65933	4.74874
4.18757	-2.00604
-0.239451	-4.64989
0.415232	3.87671
3.65668	3.42628
3.44817	-16.897
-15.2156	-2.52588
0.872422	-9.1437
-4.83451	7.85435
3.60429	-4.81688
-6.57557	-5.58983
-1.70832	-5.76944
-4.33666	1.03432
-1.4748	2.99278
6.83912	3.32652
-0.644849	-5.01112
-3.65248	3.16077
2.14732	-2.32151
4.3767	2.84774
-0.801508	-13.1584
-12.7364	-5.23637
-6.11562	-10.6697
-8.33504	-6.19681
-2.48966	2.13404
-0.735416	-4.16483
-1.79322	-2.85156
-0.145339	2.47538
4.35886	1.58637
2.06389	4.39748
5.6023	-0.0731003
-0.400582	-1.22651
-2.916	4.53291
1.6108	2.14156
1.12496	-18.416
-17.5815	0.541858
-2.84041	-5.74046
-3.42259	-0.428174
-2.4385	-4.5438
-1.62545	-0.591592
0.151855	0.957754
3.26609	2.74307
4.25375	2.26572
-0.96189	1.45705
3.47961	5.72162
-2.0122	0.126475
2.13957	-1.87913
-1.99801	2.35691
1.78912	-14.5991
-14.512	-4.00406
-3.57602	-8.95078
-8.87117	-0.867506
0.531411	-5.35749
-8.74281	-12.0502
-3.25741	-0.469843
-6.06592	-10.9195
-9.40108	-3.6146
-2.68856	-3.3133
-9.86105	4.71011
3.31159	2.28918
9.0116	11.3732
4.17258	0.203163
3.6963	-15.2994
-14.9942	-6.92034
-5.63439	-7.77982
-7.91609	-3.93457
-5.33856	-0.901971
-0.165932	-3.58519
-0.287005	4.29663
-0.969671	0.261482
-2.12464	5.44186
5.40793	9.49572
3.42976	2.1422
5.3029	3.09455
4.4039	2.65033
0.0303097	1.26473
2.71789	-12.5869
-13.6481	-6.56197
-6.04715	-7.76577
-8.94376	-11.0839
-9.26775	-4.96651
-8.82222	1.0006
3.5188	0.648304
4.83926	0.618442
-3.57786	-3.03937
-0.538552	4.16932
-4.01767	-0.486268
-2.81281	-1.03804
-4.6454	0.227051
0.628514	4.47267
5.17933	-14.8834
-15.1778	-7.7968
-7.68507	-7.21704
-7.11932	-2.25483
-3.86949	-8.36416
1.52416	5.60566
-3.01709	-5.03857
4.40982	7.11035
1.19866	3.9797
5.96342	7.06627
3.35075	2.49695
-6.22529	0.244631
1.57199	1.70087
-1.93226	3.34187
-1.10255	-15.6952
-11.2592	-2.10294
-8.2397	-11.3272
-7.39551	-4.56053
-1.85176	2.28549
0.575514	0.751389
1.42246	-5.99831
-7.95957	0.0662312
-6.02376	-5.86301
-0.218077	-1.73592
-3.18698	-2.48451
-0.915784	-4.44932
-3.08192	-2.33718
-3.66415	-2.16312
-0.357169	-12.1316
-13.0418	-1.32523
-5.38127	-9.96758
-11.0177	-4.47278
-1.94516	-2.95001
-2.81264	0.233901
0.581411	-11.1234
-11.8794	-3.82335
-5.37344	-2.3299
0.481952	-3.98748
-5.43939	-4.01027
-5.1378	1.28027
-0.575324	-4.58816
-1.19971	-0.30423
0.0878135	-14.089
-14.4173	-2.35675
-0.446865	-2.63793
-4.93029	2.85895
-1.53112	-2.57221
-1.80439	-2.03785
-4.614	4.37832
5.99321	12.0589
9.14458	0.0145774
2.85925	-2.34079
-1.70099	-0.436127
1.50207	5.62239
-0.170226	1.74493
-15.1017	2.44141
-0.445201	-7.03677
-6.48755	3.70491
2.64926	0.565237
0.322115	2.65885
-2.2601	-11.2832
-13.6263	-9.04353
-0.0937638	-3.43936
1.81961	-1.45404
-2.74214	-7.48326
-9.74521	0.760462
-3.55121	1.15808
3.60453	1.41159
2.52792	-14.2606
-15.6966	-5.6923
-6.19978	-6.53009
-8.35689	-1.19693
-3.1501	-9.84629
-3.05972	-9.0011
-8.24846	-4.00983
-0.221964	-8.85388
-8.30044	-0.822809
0.236312	0.561989
0.0834876	-7.99823
-9.18534	-5.06801
-3.46396	0.888871
1.84112	-0.134861
0.648704	-16.9412
-17.3989	-3.76789
-1.43372	-4.24637
-7.41663	1.30813
2.69126	-4.7249
-5.05416	-8.78303
-14.6432	-7.26725
1.81635	-4.53436
0.746925	-2.15967
3.99382	0.585892
-2.84326	-1.21541
4.44836	-2.74705
4.26104	0.534337
1.24946	2.48719
4.19296	-15.7883
-13.0103	-3.2321
-5.1824	-5.25329
-8.35892	-8.12583
1.81074	-7.30414
-6.84916	-8.41093
0.68803	0.130784
-9.47697	-7.97375
-7.21917	1.65846
-0.358643	7.64472
1.04259	-6.25121
-4.71031	-1.86604
-4.53247	-7.32931
-8.16605	5.41841
0.915016	-13.3593
-12.9322	-5.48625
-4.97695	-6.91092
-3.50705	-3.03336
0.845147	-0.401107
-1.80679	-6.30564
-7.30807	-8.35103
-10.5076	-4.54061
0.199094	2.83715
2.79411	3.12867
4.61419	0.618867
2.58359	0.468385
-3.1591	-2.42924
0.884458	-2.37275
1.12082	-15.1317
-14.8245	-5.95011
-6.22584	-7.30322
-6.84119	0.224568
-1.72579	-0.307106
0.257526	-6.24925
0.876951	-1.1438
-0.24354	-0.00908091
-6.49249	-7.07969
-4.56102	0.147243
-0.993803	-2.92237
-4.22849	-4.71381
-7.21805	-4.43596
-6.12088	-0.108481
-1.01139	-14.858
-17.2489	-6.99785
-4.28916	-4.70271
-2.67163	-3.23886
-3.59666	-1.32173
-4.53322	-11.2261
-0.64157	0.175894
-4.32786	2.21938
5.84325	-5.47355
-5.57925	-0.901433
-16.3907	0.841091
-1.57234	-4.46031
-1.10868	0.125343
-2.97264	-1.06932
-0.320371	3.97658
2.18817	6.47554
4.3529	2.02779
1.48931	1.82783
-0.0210784	-0.0912814
3.26095	6.74383
-2.29743	0.165231
-3.22158	-3.35529
-5.52757	2.48494
2.59889	-16.6106
-14.6574	-6.49563
-2.02987	-5.97514
-12.5411	-3.89805
-0.235917	3.31746
2.70803	-4.16732
-10.3852	-3.50857
-11.8708	-1.75447
0.623283	3.97316
-1.27048	0.820144
1.84686	-8.48727
-4.01881	-4.34783
0.752096	4.09025
3.56453	3.42612
4.35512	-11.1389
-15.9488	-8.14309
-5.37521	-9.45284
-7.15149	-6.43788
-8.89464	-0.707908
-2.45456	-14.5542
-12.1116	-2.62914
0.88072	-6.94505
-5.84027	-4.27885
0.248408	3.02815
-1.79934	-2.76464
1.43523	2.96211
1.24357	-1.0105
1.43008	2.78584
7.50234	-13.823
-15.807	-7.81287
-6.78181	-9.48582
-5.4148	-2.777
-2.95216	1.98861
-1.86838	-1.69557
0.457943	0.510105
-3.39834	-1.0024
0.787358	0.689485
3.08265	-4.05078
1.82218	1.50687
-11.147	-4.37168
-8.51447	-3.88392
-3.38258	-1.43723
-4.23275	-14.7968
-17.9844	-5.55542
-4.45348	-9.18046
-8.69712	-3.42298
1.27369	1.78657
-0.48155	-7.43884
-10.2392	-1.23505
-4.59983	-1.50434
3.31586	1.96275
3.88421	-0.407063
2.01209	1.15221
1.04641	4.75713
3.06167	6.32054
0.777763	0.104947
-0.981407	-12.556
-15.7305	-2.47143
-0.453226	-7.05807
-8.22226	3.46716
4.32648	-7.29213
-4.88827	-8.0366
-5.69723	-6.40022
-6.80689	-4.23035
-0.761791	5.17402
2.61281	-2.41839
1.09664	-7.85941
-4.37131	-1.31545
-3.65156	-0.38347
3.01232	-0.758619
3.04699	-14.5092
-15.9167	-7.9203
-7.09772	-10.1952
-9.15147	-5.02694
-1.76761	-0.179765
-5.77597	-2.97149
-7.1718	5.76221
4.37844	0.512668
5.92251	5.8253
4.92934	5.31203
4.88428	-0.086904
-2.36836	5.16907
2.675	1.59367
-15.7695	-3.12865
-5.91229	-5.7692
-7.49521	-6.51093
-7.70948	-7.88103
-9.45223	0.855206
-0.522261	1.83083
-2.43314	2.91695
0.632099	-1.67958
-4.56854	-3.52043
-7.91367	-9.68661
-3.16249	-0.675689
-4.88018	-2.63957
-1.04387	2.81255
6.57239	-15.6275
-14.6337	-5.19182
-5.23761	-8.51154
-7.30273	-4.93946
1.24097	-0.260908
-6.03406	-11.1693
-10.6646	-13.8099
-13.3385	-1.67394
-4.31584	0.139284
-7.30555	-0.00825274
-1.99317	-5.64374
-4.57107	1.42366
4.69226	4.64737
3.04293	9.69038
8.92648	-12.9825
-14.4901	-3.3186
-4.56304	-5.55958
-8.1303	-8.97224
-8.82334	-9.84936
-10.8446	-0.700967
-2.98516	0.220112
-6.01142	-3.83441
5.59702	2.43596
4.92383	-2.30895
-5.72881	-9.13766
-3.7377	5.01812
3.77931	-4.14757
-0.956343	4.62195
3.62133	-13.6409
-15.9772	-1.04765
-5.10681	-8.31627
-7.1793	-0.6378
-6.88423	-9.50957
-3.71867	-1.19533
-1.74905	-1.4413
-7.94222	-1.41367
-2.38422	0.535194
0.0144912	4.49869
10.3603	3.34593
2.62128	-4.0369
-2.46162	-0.869541
-5.58621	0.0269255
-2.51827	-13.3301
-14.8708	-3.40298
-0.928059	-5.56053
-9.2947	-0.556674
4.86641	-2.13495
1.13281	-12.4781
-5.11094	-3.53289
-9.84561	5.19071
-2.51736	4.42113
0.967358	-1.38567
1.81052	-4.06799
2.26109	-0.875598
-0.624305	-2.27876
3.90896	2.90863
2.41019	-16.1246
-15.5263	-0.92854
0.740652	-3.87822
-5.74853	-0.932933
1.20467	-2.72276
-4.31924	0.827814
-2.43648	-1.21099
3.79644	0.222103
-14.725	-3.07209
-1.47339	-2.65872
-3.96007	-1.00594
2.18514	-0.246522
-4.54887	-3.04168
-12.1842	-11.006
2.33623	-5.27509
-3.18034	-3.66376
-8.74194	-7.93577
-7.58383	-5.5862
-3.43453	-4.76608
-3.83812	-1.17285
0.797771	0.87356
-1.59004	-13.6551
-14.5974	-1.64833
-2.39953	-11.6016
-11.6532	-4.84131
-4.93652	-1.34413
-4.41931	-5.18619
-7.12808	-14.7845
-7.09307	-4.45408
-1.20363	4.83511
8.30078	-3.53458
-2.67161	-7.60808
-2.77835	-3.24693
-3.86162	3.30397
6.43633	8.79074
2.2573	-15.5717
-16.4121	-3.40059
-3.9454	-7.85562
-10.3557	-0.830458
0.359957	-3.79893
-0.733422	-4.21187
0.591375	4.44389
-1.09	6.39858
-0.998128	0.79286
4.53109	-2.59393
-1.043	2.31485
-4.0326	0.536223
-6.50329	3.1225
-0.566919	3.26308
2.37026	-9.64755
-13.9817	-2.56778
-3.15899	-7.93011
-3.07682	4.62163
4.68645	-1.3316
-3.17103	-13.3709
0.401146	-4.55689
-6.92331	-3.43949
7.24363	3.79472
-3.66324	0.4182
-1.18892	1.86576
-3.90901	-4.0361
-2.68462	-4.43194
-3.67701	-3.1598
2.43661	-16.0632
-17.7365	-2.28686
-2.54483	-7.6671
-5.41571	-2.35652
2.64873	-1.99684
0.651528	-1.25053
-1.26952	-10.8692
-11.2119	1.49739
1.61976	8.30756
1.76433	1.93697
-0.23824	-5.22253
-0.199042	-2.04962
-1.46854	1.14763
-1.29593	3.13194
2.60641	-11.4486
-13.0217	-7.62611
-4.62775	-6.41005
-4.10323	-3.06145
-2.84627	-8.9541
-6.79888	-3.47406
3.00052	-2.00345
1.77821	2.06635
4.12168	3.39484
1.81346	-5.15313
1.00755	2.21836
-0.835674	0.481301
-5.12072	-0.0527035
-2.1768	2.12396
2.10578	-13.2935
-14.5559	-3.50585
1.17038	-2.15866
-3.73151	-2.49099
-1.5413	-0.0270884
-4.48897	-9.89413
-10.9823	-0.27405
1.88681	-6.39967
-1.45869	5.04732
3.96718	-2.08253
-2.87635	-6.66249
-9.62367	0.913428
-4.01758	0.0479156
-16.1211	2.15178
-2.627	-5.22195
-6.94524	-1.86074
1.01565	0.476239
-2.66845	-9.37475
-8.58751	-3.97766
6.54814	6.84161
7.5901	-1.53138
-0.215325	-5.1889
-3.70646	-9.34315
-9.8527	-2.30886
-3.44526	-5.02522
-5.49466	4.62685
-1.78369	-15.8589
-16.6247	-1.98481
-2.236	-5.52168
-5.62773	-2.11884
-1.75718	-3.38678
-2.76966	-8.02438
-3.90912	-1.77327
-2.54159	-1.73341
-6.17045	-0.172197
0.00940161	5.27017
0.0125607	-0.316324
-0.628379	-10.178
-1.61483	-3.8333
-1.87953	1.53983
-0.466437	-15.4993
-15.9852	-7.53775
-5.07255	-2.51888
-6.9901	-1.47206
-7.64963	-1.78954
-0.301131	-1.4422
0.190933	-5.92481
-6.66521	-1.73898
-7.03472	-2.16769
-0.29275	1.39802
4.24232	-4.20759
1.00513	-0.51561
-0.345284	-1.17212
-2.60628	3.62998
-0.585368	-13.1473
-14.6681	-4.56642
-5.87967	-9.86893
-8.97499	0.685081
-4.77631	-6.63483
-7.72001	0.0138694
-0.195688	2.39709
-4.86281	-0.146897
0.559289	0.103084
0.269202	0.396476
1.41794	-0.552138
1.57851	3.3471
1.1953	8.24248
4.33627	6.20126
4.09183	-16.7673
-15.3822	-2.91839
-4.95951	-4.50776
-7.89076	-3.04878
-5.82983	-2.81311
-1.94322	-0.596749
1.61896	1.80956
1.73949	5.21397
6.26602	7.95888
0.166251	2.56461
-9.01898	-5.73303
-4.75432	1.43041
1.14094	-2.30763
-4.53151	3.36759
3.47227	-14.5772
-12.8823	-5.01504
-5.79503	-7.29368
-2.63248	-1.66244
0.278967	-2.78381
-5.58793	-13.4708
-9.67974	-4.25644
-0.924101	-4.8164
-6.95761	6.88785
9.374	5.91468
3.0585	-9.9501
-9.70143	-12.0558
-9.43261	1.60595
3.74085	0.694282
4.04706	-15.5348
-17.9948	-5.15221
-5.2202	-7.8739
-9.07313	-1.04638
-1.4211	-3.42036
-3.7944	-10.7766
-3.18023	-3.03882
-11.2434	1.90447
-3.03659	3.50875
4.33369	4.11402
1.57505	-2.12872
-4.66815	-3.79963
-2.90864	-2.96073
-4.89771	0.385172
1.58988	-14.2953
-15.2361	-4.23824
-3.73522	-7.46619
-9.59746	1.76516
-2.32496	-0.972234
-0.341433	-3.01946
3.1899	3.2817
-2.51487	-0.789072
-2.25092	4.12475
6.63572	7.66171
5.48539	0.326003
-6.13215	-3.11482
-6.50825	-1.96494
-5.18647	1.38886
-5.322	-10.6867
-12.2571	-0.697779
-3.16192	-11.8493
-7.28147	3.11295
-0.0664919	-7.69552
-1.98342	-6.36891
-6.80695	-8.52631
-2.39067	2.53062
1.1191	0.870766
1.02521	-1.57803
-3.24094	-1.47036
1.31359	3.69843
-4.66648	-4.45409
-4.38256	-0.164512
1.76242	-18.315
-17.4043	-3.68853
-3.15794	-8.15547
-6.65826	1.10596
-5.91018	-3.76287
-7.49961	-1.65696
-5.15971	-0.993439
-3.16729	-2.29107
3.5195	-1.13434
-2.57728	2.71404
5.71639	1.59837
-1.19768	-8.29521
2.07374	2.25622
